9780444639189
9780081005934
9780128027349
9780128092750
9780128054574
9780128128534
9780128112120
9780081007075
9780128126073
9780323461436
9780323497787
9780128052990
9780128042397
9780128093986
9780128046746
9780081009215
9780081020456
9780128036921
9780128010297
9780128041703
9780128054116
9780444638816
9780128104088
9780128036389
9780128095737
9781895198966
9781895198973
9781927885192
9781927885215
9780128119891
9780081007501
9780128006801
9780128046043
9780128050996
9781569905869
9780128043912
9780128044667
9780128040744
9780128112403
9780444637079
9780128054185
9780128094501
9780128033500
9780128051962
9780444636317
9780128105122
9780128104019
9780081020104
9780081021705
9780128037799
9780128046340
9780128095584
9780128126684
9780128025079
9780323429931
9780081009833
9780128043103
9780081011294
9780128016602
9780128040188
9780128093160
9780128097649
9780128129135
9780128093740
9780128092774
9780128105436
9780323358859
9781785482243
9780128042489
9780128018958
9780128042052
9780323429788
9780127999425
9780128013007
9780128044582
9780128120675
9780081008041
9780081007051
9781569906231
9781569906392
9781895198980
9781895198997
9781927885253
9780124165588
9780081001738
9780081004890
9780323431576
9780323512565
9780128095942
9780128098141
9780128004548
9780128092866
9780128111475
9780081005392
9780081020272
9780128002261
9780128094105
9781785481246
9780128044445
9780128122341
9781785481499
9780128052006
9780128034835
9780128118481
9780128037249
9780128095546
9781856176767
9780323357753
9780128045640
9780128032671
9780444635914
9780128126097
9780128030585
9780128051993
9780081007556
9781907568633
9780081007198
9780128028506
9780128042434
9780128097786
9780128041529
9780128043400
9780128052501
9780081007846
9780128033555
9780444635853
9780128037409
9780124201378
9780128037386
9780128038635
9780128045558
9780128097106
9780128120132
9780128054239
9780128099513
9780081011287
9780128110188
9780081007549
9780128040195
9780128097441
9780081009871
9780323431378
9780323497800
9780128038642
9780081006900
9780081011300
9780128039977
9780323393072
9780702060564
9780323187725
9780323390590
9780323415590
9780323428804
9780323393935
9780128094648
9780128042748
9780128020050
9780128051245
9780128120965
9780128038031
9780081010419
9780081019405
9780128053218
9780128115558
9780128052976
9780128104958
9780081006566
9780081019177
9780323479066
9780128040430
9780323399685
9780702052460
9780128018132
9780128053768
9780128095904
9781785481451
9780128093771
9780128093931
9780081019467
9780128042045
9781785482151
9780128110751
9780081007839
9780323429771
9780128024201
9780128039946
9780444635990
9780444636003
9780323400671
9780323429733
9780323401913
9780081019078
9780128008799
9780128020395
9780128029657
9780128035207
9780128041772
9780128045497
9780128052570
9780128053126
9780128053140
9780128054284
9780128094761
9780128109946
9780128008027
9780128045954
9780128094112
9780128097373
9780128035238
9780128040034
9780128040249
9780128041697
9780128045916
9780128054550
9780128024171
9780128111031
9780128036846
9780128038147
9780128093788
9780124103979
9780128008942
9780128021491
9780128024591
9780128029756
9780128053157
9780128053195
9780128053522
9780128054727
9780128054789
9780128120064
9780128040508
9780081010433
9780128030974
9780128034378
9780128043899
9780128113653
9780128116623
9780128117989
9780128120392
9780128498712
9780081009253
9780081011126
9780081017531
9780081019443
9780128051894
9780128051900
9780128051955
9780128092439
9780128094495
9780128094778
9780128097342
9780128097601
9780128099100
9780128115343
9780323508599
9780444637116
9780857094858
9780128092392
9780128054758
9780128027196
9780128044537
9780128044629
9780128053034
9780128092873
9780128099490
9780128054208
9780323416252
9780124077164
9780128047767
9780128053461
9780128097304
9780128007563
9780128015964
9780128021750
9780128022573
9780128036907
9780128037836
9780128050941
9780128052983
9780128024478
9780128040171
9780128112410
9780128030158
9780128040515
9780128046005
9780128051221
9780128053720
9780128092897
9780128094099
9780128094808
9780128098332
9780081008751
9780081012949
9780081017548
9780081019061
9780323340625
9780081007655
9780128020708
9780128119426
9780323429801
9781630670504
9780128053690
9780128125137
9780128122051
9780444637000
9780444637765
9780128092071
9780128036563
9780128044674
9780128044636
9780081006368
9780081020203
9780128096512
9780128007488
9780128046029
9780128044643
9780081021729
9780323461429
9780128053737
9780128053980
9780128091999
9780128041574
9780128094617
9780081012765
9780123850072
9780128042991
9780128043004
9780128043011
9780128043028
9780128092651
9780128037416
9780128040089
9780128120583
9780128036877
9780128044919
9780128123058
9780128051023
9780081002704
9781785480966
9780128051863
9780128094075
9780128104231
9780128042311
9780323375917
9780323392761
9780323393089
9780323393706
9780323400664
9780323265683
9780323400534
9780702059766
9780702066597
9780323340441
9780323357616
9780323357623
9780323358682
9780323359092
9780323371018
9780323374576
9780323392266
9780323399524
9780323399562
9780323401265
9780323401531
9780323401692
9780323401814
9780323415613
9780323428736
9780323428743
9780323428767
9780323442848
9780323445481
9780323445856
9780323447331
9780323449410
9780323476713
9780323477789
9780323478700
9780323478717
9780323478748
9780323479042
9780323480246
9780323480420
9780323484527
9780323485517
9780323485524
9780323485531
9780323485548
9780323485555
9780323485562
9780323485579
9780323485586
9780323485593
9780323485609
9780323485616
9780323485630
9780323485654
9780323485661
9780323485678
9780323485685
9780323496124
9780702040610
9780702066078
9780702066979
9780702069291
9780702069970
9780702070051
9780702071676
9781455725014
9780323287845
9780323321068
9780323358767
9780323389624
9780323417457
9780323428781
9780323431408
9780323462921
9780323476614
9780323476638
9780323478731
9780323485623
9780323485647
9780323485692
9780323390552
9780323443296
9780323444507
9780323482479
9780323498302
17_NO_ISBN_001
17_NO_ISBN_012
17_NO_ISBN_038
17_NO_ISBN_067
17_NO_ISBN_071
17_NO_ISBN_072
17_NO_ISBN_075
17_NO_ISBN_117
9780081003787
9780081005293
9780081006740
9780081006825
9780081006948
9780081007181
9780081007204
9780081007228
9780081007631
9780081007648
9780081007990
9780081008669
9780081008683
9780081009154
9780081009185
9780081009222
9780081009383
9780081009444
9780081010013
9780081010075
9780081010099
9780081010129
9780081012154
9780081017432
9780081020890
9780124072350
9780124078130
9780124170124
9780124171497
9780128002179
9780128013724
9780128016299
9780128022306
9780128024416
9780128028612
9780128029282
9780128034729
9780128035559
9780128038154
9780128039540
9780128039557
9780128039687
9780128040072
9780128040881
9780128042441
9780128043271
9780128044049
9780128045817
9780128045992
9780128050606
9780128050897
9780128051344
9780128051948
9780128052471
9780128053065
9780128053188
9780128053508
9780128053553
9780128053560
9780128053607
9780128053744
9780128053751
9780128053782
9780128054178
9780128054192
9780128054703
9780128093375
9780128093542
9780128094167
9780128094181
9780128094358
9780128094389
9780128094396
9780128094402
9780128094754
9780128095218
9780128096710
9780128097403
9780128097632
9780128098073
9780128098691
9780128098707
9780128099131
9780128105009
9780128105214
9780128110256
9780128110317
9780128111789
9780128111888
9780128113080
9780128114131
9780128115626
9780444639509
9781785481062
9780081019993
9780123851055
9780123914484
9780128006856
9780128013847
9780128014981
9780128018125
9780128019986
9780128021460
9780128024386
9780128028230
9780128028360
9780128030752
9780128031094
9780128034804
9780128035245
9780128035504
9780128040454
9780128042144
9780128042328
9780128042540
9780128042731
9780128042977
9780128045619
9780128046784
9780128050590
9780128053584
9780128053881
9780128092316
9780128094686
9780128094693
9780128094709
9780128094716
9780128095522
9780128097113
9780128098523
9780128098530
9780128099995
9780128105191
9780128110225
9780128111857
9780128119242
9780128123515
9780128125021
9780444637581
17_NO_ISBN_011
9780124104242
9780128006085
9780128015339
9780128017340
9780128017692
9780128021668
9780128023938
9780128026847
9780128027615
9780128028964
9780128029008
9780128031278
9780128032060
9780128032473
9780128034125
9780128035061
9780128038093
9780128038314
9780128039427
9780128039991
9780128040003
9780128041826
9780128042557
9780128043110
9780128043288
9780128045718
9780128046593
9780128046715
9780128047255
9780128051306
9780128053515
9780128053621
9780128053775
9780128093184
9780128094020
9780128094143
9780128095232
9780128095300
9780128095966
9780128098271
9780128098554
9780128099292
9780128099391
9780128099636
9780128099650
9780128099698
9780128099797
9780128104064
9780128105450
9780128109922
9780128110201
9780128110775
9780128112595
9780128113066
9780128114834
9780128118504
9780128119082
9780128123430
9780128123737
9780128123775
9780128124390
9780128127681
9781785481536
9781785481611
9781785481642
9781785481659
9781785482021
9781785482106
17_NO_ISBN_003
17_NO_ISBN_061
9780080982359
9780081006238
9780081008652
9780081009710
9780081010952
9780081010969
9780081010976
9780081010983
9780081010990
9780081012284
9780124104167
9780128012253
9780128013021
9780128014943
9780128019702
9780128020272
9780128038079
9780128040393
9780128040652
9780128040690
9780128040775
9780128041734
9780128042137
9780128045152
9780128050903
9780128097915
9780128098233
9780128104255
9780128110379
9780128110997
9780128111369
9780128114599
9780444563491
9780444595522
9780444627230
9780444627490
9780444632524
9780444634016
9780444635013
9780444635037
9780444635044
9780444637390
9780444637437
9780444637772
9780444637826
9780444637840
9780444638663
9780444639035
9780444639196
9780444639653
9781785481147
9781785481161
9781785481284
9781785481307
9781785481314
17_NO_ISBN_004
17_NO_ISBN_043
17_NO_ISBN_052
17_NO_ISBN_106
9780080994208
9780081000052
9780081009994
9780081010112
9780081010334
9780081023105
9780123985330
9780128005132
9780128010105
9780128019818
9780128019825
9780128032022
9780128032626
9780128033425
9780128034071
9780128035481
9780128037393
9780128038369
9780128050576
9780128051573
9780128052549
9780128053928
9780128053935
9780128053966
9780128093764
9780128093801
9780128095812
9780128096772
9780128098356
9780128110485
9780128112205
9780128117903
9780128122129
9780128131824
9780128132357
9780128498835
9780444594822
9780444635082
9780444637123
9780444638977
9780444639295
9780444639301
9780444639318
9781608059713
17_NO_ISBN_014
17_NO_ISBN_026
9780081006597
9780124105010
9780128007372
9780128009659
9780128009673
9780128019542
9780128028605
9780128028797
9780128030684
9780128035498
9780128036556
9780128038437
9780128041895
9780128046036
9780128053492
9780128053904
9780128054673
9780128054765
9780128096413
9780128098592
9780128104934
9781785480539
9781785481192
9781785481208
9781785481222
9781785481567
9781785482045
17_NO_ISBN_066
17_NO_ISBN_122
17_NO_ISBN_123
9780081003558
9780081005248
9780128002759
9780128008935
9780128016077
9780128020722
9780128025833
9780128029329
9780128030127
9780128032435
9780128032794
9780128033821
9780128036747
9780128040713
9780128041918
9780128042762
9780128044414
9780128045220
9780128046388
9780128046449
9780128053171
9780128054642
9780128054741
9780128092545
9780128094174
9780128094846
9780128095270
9780128095287
9780128095317
9780128095577
9780128096819
9780128110980
9780128111598
9780128118368
9780128119402
9780128124932
9780128127261
9780128128084
9780444537928
9780444626936
9780444635228
9780444637468
9780444638908
9781785481352
9781785481369
9781785481376
9781785481383
9781785481390
9781785481406
9781785481413
9781785482250
17_NO_ISBN_018
17_NO_ISBN_024
17_NO_ISBN_045
17_NO_ISBN_085
17_NO_ISBN_087
17_NO_ISBN_089
17_NO_ISBN_138
17_NO_ISBN_139
17_NO_ISBN_140
17_NO_ISBN_141
17_NO_ISBN_183
9780081001967
9780081003138
9780081004470
9780081004579
9780081005040
9780081006429
9780081006627
9780081007082
9780081008942
9780081008959
9780081009451
9780081010235
9780081010310
9780081010365
9780081010440
9780081010945
9780081011027
9780081011041
9780081011058
9780081011119
9780081011249
9780081011263
9780081012888
9780081017609
9780081020494
9780123854988
9780128026571
9780128030219
9780128042083
9780128045343
9780128045565
9780128046425
9780128051511
9780128051849
9780128051931
9780128052457
9780128053232
9780128053447
9780128094518
9780128094624
9780128094723
9780128094839
9780128095928
9780128097755
9780128098066
9780128099216
9780128099438
9780128104460
9780128111123
9780128111321
9780128111451
9780128112458
9780128112502
9780128114070
9780128117224
9780128117583
9780128119686
9780128120415
9780128121030
9780128121498
9780128122532
9780128123034
9780128124505
9780128124529
9780128125724
9780128126745
9780128128077
9780128129081
9780128129982
9780128131060
9780128136041
9780128499078
17_NO_ISBN_008
17_NO_ISBN_020
17_NO_ISBN_092
17_NO_ISBN_144
17_NO_ISBN_146
17_NO_ISBN_147
17_NO_ISBN_149
17_NO_ISBN_150
17_NO_ISBN_185
17_NO_ISBN_186
17_NO_ISBN_187
17_NO_ISBN_188
17_NO_ISBN_192
9780080971421
9780081002865
9780081003282
9780081003664
9780081005408
9780081006115
9780081006467
9780081007006
9780081007099
9780081007211
9780081007730
9780081007815
9780081008867
9780081009048
9780081009093
9780081009161
9780081009178
9780081009642
9780081009758
9780081010105
9780081011232
9780081011317
9780081012116
9780081012178
9780081012918
9780081017647
9780081018699
9780081020418
9780124077126
9780124077157
9780124080690
9780124167315
9780124172968
9780124200265
9780128016961
9780128020401
9780128022986
9780128025758
9780128029589
9780128031230
9780128031315
9780128031322
9780128031391
9780128032305
9780128033111
9780128034859
9780128036365
9780128036778
9780128037669
9780128037829
9780128039502
9780128040096
9780128041550
9780128044018
9780128044261
9780128044315
9780128044322
9780128044346
9780128044605
9780128044728
9780128044735
9780128045602
9780128045671
9780128046371
9780128047057
9780128047064
9780128047347
9780128048306
9780128048313
9780128050545
9780128050828
9780128051887
9780128054666
9780128092736
9780128092743
9780128092767
9780128092842
9780128094044
9780128094488
9780128095195
9780128095508
9780128095515
9780128095997
9780128097328
9780128098318
9780128098721
9780128098950
9780128099087
9780128099469
9780128099988
9780128103845
9780128103913
9780128104347
9780128104910
9780128110713
9780128110942
9780128111390
9780128111536
9780128111826
9780128111840
9780128112182
9780128112557
9780128112779
9780128114315
9780128114537
9780128115459
9780128116418
9780128116487
9780128117088
9780128117187
9780128118207
9780128118870
9780128118894
9780128119396
9780128119952
9780128120248
9780128121337
9780128122037
9780128122075
9780128125816
9780128126493
9780128126554
9780128126615
9780128126721
9780128126936
9780128127315
9780128127483
9780128127865
9780128127872
9780128128831
9780128128879
9780128130438
9780128130452
9780128131046
9780128134870
9780128498682
9780323377973
9780323389686
9780323445016
9780323447164
9780323448093
9780323462006
9780857094810
9781455777556
9781569905135
9781569905401
9781569905593
9781569905746
9781569905845
9781569906033
9781569906118
9781569906194
9781569906255
9781569906330
9781569906354
9781569906439
9781569906477
9781569906491
9781785480683
9781785480744
9781785481130
9781785481260
9781785481444
9781785481543
9781785481635
9781785481666
9781785481673
9781785481680
9781785481697
9781785481703
9781785481710
9781785481895
9781785481901
9781785481932
9781785481949
9781785481956
9781785482052
9781785482069
9781785482076
9781785482083
9781785482090
9781785482120
9781785482212
9781927885239
17_NO_ISBN_040
17_NO_ISBN_042
9780123850249
9780124045651
9780124071971
9780128005620
9780128010778
9780128014936
9780128018835
9780128018873
9780128038352
9780128039076
9780128044223
9780128050910
9780128051368
9780128052518
9780128092477
9780128092484
9780128092705
9780128093993
9780128094679
9780128095850
9780128095881
9780128104378
9780128105238
9780128114872
9780128114889
9780128116876
9780128117392
9780128121283
9780128124468
9780128130476
9780128498736
9780128498910
9780444637574
9780444637635
9780444638571
9780444639820
9781785481154
9781785482144
9781785482205
9781785482397
17_NO_ISBN_107
9780128023136
9780128032824
9780128038345
9780128040256
9780128041062
9780128041376
9780128041819
9780128094525
9780128097762
9780128099933
9780128104415
9780128110294
9780128112526
9780128115404
9780128121580
9780128122822
9780128125878
9781785481628
9781785481918
9781785482014
9780124116306
9780124201897
9780128003534
9780128012505
9780128036570
9780128037591
9780128037997
9780128050958
9780128051498
9780128053072
9780128092781
9780128093979
9780128114155
9780128498897
17_NO_ISBN_002
17_NO_ISBN_005
17_NO_ISBN_007
17_NO_ISBN_019
17_NO_ISBN_030
17_NO_ISBN_078
9780128010457
9780128032336
9780128032541
9780128035740
9780128039182
9780128047651
9780128104200
9780128104774
9780128110799
9780128113134
9780128123652
9780444636553
9780444638878
17_NO_ISBN_129
17_NO_ISBN_130
17_NO_ISBN_131
17_NO_ISBN_132
17_NO_ISBN_133
17_NO_ISBN_134
9780080994314
9780081004104
9780081004531
9780081004968
9780081004975
9780081005729
9780081005736
9780081006078
9780081007167
9780081007174
9780081007365
9780081007372
9780081007525
9780081007853
9780081007877
9780081007891
9780081007914
9780081007938
9780081008027
9780081008034
9780081008812
9780081008874
9780081009109
9780081009369
9780081009574
9780081009581
9780081009598
9780081009635
9780081009703
9780081009796
9780081009826
9780081009840
9780081009970
9780081010174
9780081010228
9780081010341
9780081010525
9780081011324
9780081012123
9780081012130
9780081012147
9780081012529
9780081012543
9780081012567
9780081012703
9780081012710
9780081012734
9780081012741
9780081017470
9780081018712
9780081018729
9780081018996
9780081019252
9780081019917
9780081020012
9780081020098
9780081020432
9780081020920
9780081021354
9780128030561
9780128042878
9780128045480
9780128046227
9780128050569
9780128053164
9780128092507
9780128094013
9780128094532
9780128094785
9780128098165
9780128104156
9780128104187
9780128104194
9780128104620
9780128104644
9780128109908
9780128111659
9780128111666
9780128111673
9780128111697
9780128116579
9780128117811
9780128120682
9780128122914
9780128123607
9780128124796
9780128126400
9780128126530
9780128126707
9780323429795
9780323430296
9780323431590
9780323443975
9780323449229
9780323449236
9780323461399
9780323461405
9780323461412
9780323461443
9780323461528
9780323461535
9780323461764
9780323462402
9780323477208
9780323480192
9780323481014
9780323481045
9780323497763
9780323527255
9780323527279
9780323527316
9780323527330
9780702070969
9780857093462
9781455731633
9781569905906
9781782423027
9781785480614
17_NO_ISBN_156
17_NO_ISBN_158
17_NO_ISBN_177
17_NO_ISBN_178
9780123983879
9780124166325
9780128041178
9780128046500
9780128046760
9780128051481
9780128051634
9780128097137
9780128098189
9780128109984
9780128110447
9780128110461
9780128111291
9780128114261
9780128124819
9781785481734
9781785481741
9780081011072
9780128018934
9780128027202
9780128034712
9780128037201
9780128037263
9780128037508
9780128037843
9780128037966
9780128040362
9780128040645
9780128040669
9780128042571
9780128044025
9780128044612
9780128045626
9780128046074
9780128047910
9780128050880
9780128051207
9780128053133
9780128053539
9780128053973
9780128096666
9780128098257
9780128099322
9780128110164
9780128111406
9780444632333
9780444636225
9780444636256
9780444636287
9780444636409
9780081005576
9780081006160
9780124202276
9780128000489
9780128008560
9780128012994
9780128021033
9780128027868
9780128030837
9780128046678
9780128047279
9780128047293
9780128053485
9780128092521
9780128092903
9780128094006
9780128094129
9780128095324
9780128095935
9780128096796
9780128097175
9780128097540
9780128098417
9780128099261
9780128110638
9780128112144
9780128112281
9780128116555
9780128117644
9780128122099
9780128122594
9780128124758
9780128125229
9780128499054
17_NO_ISBN_046
17_NO_ISBN_159
9780081022566
9780128053249
9780128092422
9780128099483
9780128104118
9780128128015
9780128133699
9780444530097
9780444635815
9780444636041
9781681080284
9781681080857
17_NO_ISBN_010
17_NO_ISBN_033
17_NO_ISBN_049
17_NO_ISBN_050
9780128018187
9780128018514
9780128022184
9780128027363
9780128031131
9780128034576
9780128036761
9780128038512
9780128043158
9780128050866
9780128054109
9780128094815
9780128097908
9780128105085
9780128112090
9780128112861
9780128112953
9780128126011
9780128135631
17_NO_ISBN_016
17_NO_ISBN_022
17_NO_ISBN_034
17_NO_ISBN_053
17_NO_ISBN_105
17_NO_ISBN_109
17_NO_ISBN_197
9780081001707
9780081002049
9780081003862
9780081004906
9780081005538
9780081005675
9780081006641
9780081007983
9780081008133
9780081008744
9780081009192
9780081009413
9780081009482
9780081010136
9780081010549
9780081011096
9780081012772
9780081012826
9780081017555
9780081018668
9780081018774
9780081018811
9780081018903
9780081018941
9780081018965
9780081019238
9780081019894
9780081020111
9780081020319
9780081020357
9780081020593
9780081020807
9780128097151
9780128097588
9780128105047
9780128110089
9780128110102
9780128112229
9780128112991
9780128114759
9780128115022
9780128115138
9781785480430
9781785480546
9781843346524
9781843346753
9781843347064
9781843347101
9781843347378
9781843347460
9781843347729
9781843347774
9781843347781
