9780953194971
9780953194988
9780953194995
9780953194926
9780953194940
9780953194964
9780953194933
9780953194919
9780951417164
9780951417171
9781845690502
9781845690519
9781845691592
9781845690083
9781845690038
9781845690120
9781845697228
9781845694791
9781845690175
9781855735002
9781855734623
9781855735033
9781855736696
9781845690113
9781855734661
9781855732995
9781855732728
9781855732735
9781855735484
9781855735903
9781855737150
9781855737303
9781855737211
9781855737228
9781855737235
9781855737242
9781855737273
9781855735620
9781855735651
9781855736719
9781855734647
9781855736740
9781855732964
9781855732971
9781855733619
9781855737068
9781855734982
9781855734432
9781855735040
9781855735606
9781855736726
9781855735637
9781855736733
9781855734968
9781855735583
9781855735491
9781855734975
9781855735613
9781855735569
9781855735576
9781855734630
9781855735262
9781855735309
9781855735590
9781855734678
9781855735323
9781855735477
9781855735521
9781855732698
9781855735538
9781855736702
9781855737259
9781855737280
9781855737297
9781855735644
9781855732827
9781855734494
9781855732841
9781855732742
9781855732773
9781855732780
9781855734487
9781855732926
9781855732872
9781855734128
9781855733596
9781855733602
9781855733626
9781855734425
9781855733947
9781855733411
9781855733961
9781855734500
9781855732957
9781855732933
9781855732940
9781855737884
9781898563969
9781898563877
9781855738089
9781898563310
9781855738102
9781855739550
9781855739598
9781855737938
9781855737914
9781855737921
9781855737945
9781855737891
9781855737907
9781855736757
9781855734906
9781855737730
9781855739536
9781855739567
9781855739574
9781855737846
9781855737877
9781855739543
9781855738232
9781855738201
9781855738119
9781855737853
9781855735439
9781855737822
9781855739710
9781855739635
9781855737792
9781855739659
9781855738034
9781855739642
9781855739666
9781855738140
9781855736764
9781855737976
9781855735835
9781855738027
9781855737839
9781855737761
9781855735842
9781855735859
9781855737341
9781855739604
9781855737778
9781855737785
9781855737808
9781855737815
9781855737358
9781855737952
9781855736771
9781855737310
9781855737327
9781855737334
9781855737747
9781855739581
9781855737754
9781855739628
9781855738157
9781845696009
9781845695972
9781845695941
9781845696047
9781845696054
9781845696061
9781845696023
9781845695958
9781845695965
9781845695934
9781845696016
9781845695996
9781845695989
9780124177628
9780120884148
9780121588618
9780120885527
9780127384450
9780123276810
9780123790620
9780124273504
9780127338651
9780126930184
9780126884906
9780122146749
9780126906479
9780124730526
9780126764604
9780124175402
9780126463828
9780120781478
9780127309354
9780126528404
9780126889604
9780125173650
9780121956707
9780120802609
9780123560407
9780121979553
9780126605709
9780125052900
9780127415505
9780122573057
9780124359550
9780124242104
9780127476056
9780122948602
9780121552107
9780124983151
9780123782601
9780126144406
9780126325904
9780124603707
9780120834907
9780123611604
9780120503407
9780127012353
9780124150317
9780122191350
9780121190620
9780121005436
9780120770304
9780122108457
9780122869754
9780127300559
9780125052955
9780122739651
9780124208704
9780124241626
9780121780753
9780126709506
9780444415110
9780444997258
9780444416100
9780444422422
9780444427830
9780444427847
9780444989369
9780444989222
9780444425577
9780444883025
9780444417060
9780121592707
9780125138406
9780122151705
9780127354156
9780126684506
9780125321044
9780126151855
9780120781492
9780126906851
9780125520522
9780120562503
9780125953405
9780126009521
9780126180305
9780120337118
9780123562555
9780080444505
9780126930153
9780123234452
9780124735422
9780120884582
9780444510266
9780444504821
9780123705112
9780123234483
9780121071516
9780120887828
9780125095518
9780127784601
9780124097513
9780122475702
9780122764608
9780123844309
9780121988760
9780123898456
9780123196521
9780125104517
9780125154222
9780120883912
9780444517722
9780120884575
9780125209151
9780124575530
9780124977815
9780123570314
9780120884599
9780444517050
9780121347406
9780120931569
9780123790767
9780122563713
9780126755558
9780123276452
9780121536541
9780125583305
9780127100012
9780126887211
9780120887729
9780125200264
9780120887736
9780122636523
9780123116321
9780122636530
9780444518330
9780120883868
9780123395528
9780122198038
9780126767575
9780124730700
9780126726909
9780121569334
9780120887811
9780126692020
9780121543518
9780120887774
9780121413620
9780120884476
9780444816610
9780444888389
9780444825476
9780444828521
9780444408884
9780444998972
9780444410177
9780444414397
9780444893031
9780444828439
9780444510396
9780444510389
9780444414359
9780444421951
9780444420602
9780444421005
9780444421371
9780444500571
9780444501806
9780444527592
9780444505767
9780444528506
9780444527424
9780444500205
9780444505774
9780444502780
9780444510112
9780444509659
9780444987921
9780444503909
9780444502629
9780444820709
9780444505842
9780444506757
9780444897923
9780444897992
9780444816238
9780444886286
9780444821522
9780444508232
9780444506085
9780444887894
9780444510280
9780444511669
9780444503268
9780444505309
9780444502698
9780444505859
9780444506108
9780444829320
9780444503435
9780444504302
9780444504074
9780444512680
9780444820822
9780444820136
9780444821775
9780444825902
9780444820181
9780444508911
9780444819086
9780125571807
9780444513885
9780444519979
9780444814999
9780444411990
9780444506467
9780127099057
9780125214414
9780125839907
9780121860608
9780123997708
9780121528355
9780120587858
9780122294600
9780121001605
9780125889452
9780124735576
9780125450904
9780123298607
9780122538407
9780123721853
9780125052559
9780126398755
9780120781850
9780123445483
9780123116291
9780120530854
9780127145105
9780123124111
9780124806108
9780125875455
9780120653102
9780126366709
9780120689118
9780124325555
9780123584656
9780126662603
9780120986552
9780121016258
9780121348366
9780120954407
9780121551421
9780122053511
9780127333601
9780122332104
9780121020514
9780123039651
9780125435901
9780124478367
9780123842602
9780124860520
9780120489206
9780120443109
9780122862304
9780123977205
9780121844509
9780123423351
9780122650406
9780122832451
9780122374555
9780122437403
9780124355552
9780121863401
9780124023802
9780121596408
9780126323108
9780126474718
9780121528348
9780127729404
9780122896316
9780124660441
9780126249606
9780126884609
9780123704207
9780127619149
9780123710208
9780125521109
9780124365704
9780125634557
9780120781607
9780120845620
9780121012854
9781559388139
9780195125276
9780120887866
9780444518668
9780123693709
9780123693716
9780123694423
9780123693921
9780123693914
9780121947125
9780123721822
9780122841514
9780124375512
9780122007316
9780124413528
9780125181211
9780122219702
9780122208553
9780123339423
9780123339416
9780126477511
9780121647308
9780125252515
9780124377356
9780126801262
9780120986521
9780124177550
9780123109200
9780121528362
9780444511584
9780122095511
9780123190604
9780125979511
9780120726516
9780120443093
9780120443086
9780123694621
9780123617767
9780121245467
9780120884049
9780125450256
9780121844530
9780125154000
9780121550899
9780126569766
9780123565051
9780123853554
9780123694027
9780120777006
9780124262911
9780123724847
9780123247193
9780123525512
9780121745974
9780122806056
9780123618108
9780122496967
9780126657517
9780124287655
9780126398816
9780762311248
9780124841505
9780121602819
9780124371781
9780120885633
9780124366435
9780126990577
9780120883936
9780122526879
9780121112325
9780125865852
9780123014634
9780444509529
9780444825551
9780444823304
9780444826589
9780762305469
9781559389990
9781559389242
9780444829337
9780762303557
9781559388191
9780444826503
9780444504883
9780444507594
9780444511478
9780444517227
9780195177800
9780195177206
9780444528063
9780444829702
9780080449708
9780444509246
9780444511621
9780444505194
9780444509963
9780444510358
9781559389600
9780762300778
9780762300785
9780762301461
9781559388351
9781559388368
9780762300792
9780444822239
9780444819840
9780444510969
9780444509512
9780444507396
9780444510785
9780762302031
9780762303885
9780762303519
9780762300914
9780762301171
9780762301188
9781559386876
9781559386883
9781559386890
9781559389075
9781559389839
9780444824080
9781559388146
9781559388153
9781559388160
9781559388177
9781559388184
9781559389891
9781559386357
9780762302055
9781559389402
9780444505477
9781559389679
9780762305940
9780762302925
9781559389792
9781559388092
9781559388085
9781559388078
9781559388122
9781559388115
9781559388061
9781559388054
9781559388047
9781559388030
9780444504418
9780444513199
9780444513946
9780762301584
9780444509581
9781559386630
9781559386623
9781559386616
9781559386609
9781559386593
9781559386586
9781559381666
9780762306107
9780080443829
9780080443966
9780080434087
9780080448596
9780444502735
9780122212857
9780120843701
9780127819105
9780121602451
9780444501028
9780444502841
9780444894106
9780444819758
9780080426891
9780444824424
9780122567810
9780121098407
9780444510242
9780124735569
9780444873941
9780444429728
9781856172301
9780122577451
9780750678469
9780444874665
9780444874658
9780444880321
9780444881298
9780444429353
9780444418005
9780444882110
9780444988003
9780444886941
9780444885920
9780444874139
9780444426826
9780444425126
9780444425683
9780444422040
9780444989819
9780444429551
9780444430007
9780444427083
9780444429193
9780444424495
9780444423511
9780444428141
9780444421128
9780444424020
9780444429131
9780444421630
9780123705365
9780444517333
9780444517487
9780444429537
9780444428004
9780444871466
9780444871169
9780444430250
9780444521804
9780444516053
9780444516701
9780444517852
9780444516480
9780444517159
9780444504753
9780444507099
9780444517203
9780750677837
9780444515995
9780444517128
9780121569327
9780750662734
9780750662758
9780750663991
9780444519870
9780444515643
9780444506511
9780080438788
9780444505590
9780080444284
9780122761522
9780444515124
9780080444901
9780080444918
9780444516947
9780080445274
9780750677394
9780444516992
9780444509628
9780444508102
9780444500458
9780444519450
9780444520661
9781856174473
9780444824219
9780444503121
9780444522030
9781856174510
9780444519436
9780444504272
9780444507037
9780444506993
9780444507020
9780444507013
9780444511133
9780444519757
9780444504777
9780124605305
9780444529695
9780444504982
9780444509482
9780444521187
9780444511096
9780444829306
9780444822024
9780444506320
9780444505446
9780444521767
9780080439655
9780080440293
9780444527516
9781856174657
9780444527165
9781856173971
9780444527837
9780444509741
9780444511782
9780444518262
9780444518255
9780444518279
9781903996621
9780444528292
9780444522245
9780444527844
9780444520838
9780444521194
9780444520227
9780444521569
9780750678766
9781856174183
9781856174145
9780444427786
9780444428554
9780444420145
9780444420879
9780444421845
9780444427960
9780444417336
9780444414281
9780444995186
9780444426314
9780444425294
9780444425232
9780444520623
9780444873835
9780444823816
9780444987020
9780444815521
9780444869470
9780444889690
9780444821867
9780444887351
9780444882387
9780444898234
9780444886163
9780444885692
9780444890887
9780444882455
9780444888327
9780444987471
9780444887870
9780444821287
9780444888761
9780444889423
9780444501653
9780444501660
9780444882424
9780444522283
9780444828231
9780444826619
9780126045857
9780444502131
9780444500731
9780444502384
9780444502353
9780444823526
9780124605244
9780444502148
9780444824349
9780444823731
9780444501936
9780444826794
9780444502346
9780125889308
9780444829672
9780444500007
9780444829528
9780444899644
9780444503510
9780444502155
9780444509703
9780125944601
9780124949508
9780080428437
9780444822369
9780444827951
9780444828262
9780444500311
9780444502445
9780126137637
9780120973620
9780444823564
9780444500601
9780444501844
9780121681104
9780444890375
9780444885142
9780444888914
9780125444613
9780122569715
9780444511751
9780444508867
9780444829962
9780444511645
9780444511539
9780444513687
9780444516060
9780125031639
9780444504807
9780444512567
9780444512611
9780444514349
9780444514240
9780444514530
9780444502360
9780444509406
9780125769600
9780444513090
9780750677066
9780750677042
9780122063497
9780444513144
9780120887965
9780124605299
9780444516459
9780444513540
9780444504760
9780444505200
9780444504289
9780126516456
9780444504265
9780125769709
9780444502599
9780444504111
9780121569310
9780750677028
9780444512833
9780444514653
9780444508270
9780126738421
9780444828880
9780444502063
9780124605237
9780444828026
9780444895356
9780444821058
9780444881830
9780444821799
9780444822437
9780444829443
9780444828811
9780444828941
9780444820013
9780444818478
9780444823083
9780444819567
9780444986573
9780444816825
9780444895561
9780444822277
9780444824998
9780444814913
9780444986566
9780444986559
9780444502728
9781856173704
9780444503213
9780444881175
9780444815002
9780444816337
9780444829979
9780444896216
9780444818775
9780444820648
9780444820495
9780444819284
9780444819475
9780444820785
9780444894663
9780444886569
9780444821300
9780444825742
9780444829207
9780444823441
9780444824097
9780444825568
9780444823335
9780444820198
9780444816771
9780444986580
9780444825216
9780444823908
9780444824417
9780444890634
9780444895196
9780444892294
9780444819222
9780444826091
9780444827722
9780444820099
9780444824752
9780444826039
9780444898296
9780750670128
9780750670470
9780750649889
9780884155256
9780750677073
9780750677097
9780750677080
9780884156512
9780750671941
9780750611985
9780750654715
9780340598290
9780750675598
9780750675710
9780750646819
9780884150565
9780884151012
9780750653213
9780750645676
9780884151388
9780884152194
9780884152804
9780884152873
9780884153085
9780884153115
9780884153153
9780750637688
9780884153429
9780884153825
9780884153832
9780884153849
9780884154815
9780750671248
9780750672085
9780884152200
9780884152552
9780884152590
9780750674522
9780444516008
9780444516367
9780884152736
9780884152897
9780884153177
9780750675697
9780884157588
9780750674362
9780750674638
9780884158226
9780750675079
9780750648134
9780444502575
9780884158011
9780884158219
9780444505620
9780884150251
9780444514042
9780444515575
9780815514022
9780815514077
9780750650946
9780444511744
9780750637572
9780884153801
9780884153818
9780121641375
9780444515742
9780444514899
9780750677219
9780750675109
9780750675215
9780884154747
9780120884391
9780444511409
9780815513803
9780120884995
9780815514428
9780815513759
9780815514695
9780815514220
9780120884445
9780120884957
9780815513773
9780750676991
9780123705822
9780120885794
9780444514820
9780444510525
9780444897961
9780815515043
9780444501783
9780815514084
9780815514336
9780120883813
9780815513667
9780815514572
9780815514275
9780444514738
9780815514534
9780815514329
9780444516831
9780123705327
9780815514992
9780815513650
9780815513940
9780815514169
9780815514046
9780815514015
9780815514367
9780815513711
9780815514954
9780444882431
9780444829634
9780750677103
9780884153207
9780444829450
9780750678520
9780750675994
9780444418777
9780444419163
9780444419200
9780444421111
9780444421661
9780444422248
9780444997166
9780444997395
9780444997401
9780444502186
9780444513496
9781898563839
9781898563471
9781898563419
9781898563600
9781898563808
9781898563389
9781898563396
9781898563716
9781898563761
9781898563631
9781898563501
9781898563167
9781855738287
9781855738003
9781855738010
9780120456055
9780444406736
9780444428790
9780444873637
9780444873644
9780444429995
9780444415134
9780444415127
9780444410528
9780444409362
9780444418074
9780444424419
9780444409447
9780444418609
9780444423542
9780444422873
9780444422880
9780444409133
9780444408617
9780444412522
9780444420282
9780444411556
9780444408020
9780444416513
9780080427911
9780123843579
9780126785500
9780121366407
9780127655550
9780126185133
9780120846627
9780444880147
9780125083478
9780124818514
9780444412942
9780444409379
9780444429575
9780444428325
9780444886231
9780444425508
9780444420152
9780444429117
9780444419170
9780444995070
9780444426819
9780444426109
9780444424075
9780444428578
9780444424181
9780444411563
9780444424884
9780444414304
9780444416483
9780444421241
9780444430052
9780444871589
9780444871473
9780444519948
9780080444123
9780125870733
9780444516619
9780444516046
9780444512925
9780444517197
9780444517210
9780444516725
9780080444741
9780124502833
9780444517654
9780124502840
9780444516855
9780444515100
9780080445014
9780444502926
9780444504326
9780444516565
9780444517821
9780444516626
9780444515278
9780444521101
9780123704566
9780080443744
9780080444727
9780444517661
9780444511072
9780444511089
9780080445090
9780444505262
9780080439778
9780444520500
9780444500212
9780444829023
9780444518781
9780444521712
9780444527172
9780080447117
9780080447124
9780444508393
9780080451251
9780444509734
9780080440255
9780444507068
9780124502888
9780444503947
9780444501141
9780444521507
9780080432564
9780444500076
9780444527370
9780444507334
9780444829139
9780444521811
9780444527806
9780444508287
9780444827685
9780080441160
9780444507167
9780444826060
9780444507457
9780080446219
9780444518118
9780444510105
9780444518675
9780444526724
9780444519566
9780080437071
9780444512239
9780080437057
9780080432601
9780080432625
9780444829986
9780444519665
9780444519542
9780444522498
9780444897244
9780444828538
9780080439525
9780080427935
9780444521156
9780444519641
9780080441900
9780080444826
9780444520210
9780444521163
9780444423931
9780444420756
9780444419514
9780444425348
9780080434056
9780444424297
9780444416834
9780444419545
9780444416056
9780444420077
9780444420619
9780444528117
9780444521262
9780444420657
9780444997234
9780444422903
9780444427625
9780444414298
9780444519061
9780444521682
9780444417435
9780444426604
9780444420992
9780444522207
9780444874511
9780444882097
9780444987952
9780444882189
9780444891112
9780444824455
9780444888570
9780444410511
9780444888020
9780444409577
9780444887948
9780444987334
9780444987327
9780444889492
9780444987426
9780444892072
9780444892010
9780444885982
9780444420442
9780444429513
9780444430342
9780444822956
9780444814975
9780444500397
9780444504043
9780080420905
9780080420806
9780444428813
9780444883278
9780080418759
9780444417213
9780444421142
9780444885401
9780444885050
9780444422071
9780444882363
9780444882370
9780444825087
9780444826602
9780444825964
9780126838657
9780444100313
9780444828378
9780444829542
9780127635606
9780124967120
9780444828316
9780444895295
9780444895691
9780444897091
9780444895080
9780444896483
9780080434049
9780444720023
9780444502292
9780444500304
9780444205292
9780444899552
9780444815392
9780444824370
9780444820662
9780444829245
9780080436654
9780124414556
9780125435604
9780124833852
9780121381103
9780080434032
9780125989206
9780120663200
9780444823915
9780444205285
9780080434025
9780444501646
9780126769456
9780444829108
9780121896904
9780127309453
9780125083454
9780444890306
9780124510715
9780120918416
9780123120854
9780120663217
9780444509314
9780444822543
9780444509383
9780124063600
9780080436081
9780444519771
9780121641351
9780123031907
9780444500618
9780124666153
9780127149752
9780444501981
9780123770455
9780125093903
9780123550453
9780125234757
9780444509727
9780444509642
9780444508799
9780444511003
9780121413408
9780125435628
9780127640709
9780123039538
9780123891716
9780126709605
9780444501110
9780080438825
9780127358550
9780126503586
9780121581640
9780444828064
9780444897763
9780444898661
9780444819352
9780444899569
9780444825360
9780444818423
9780444818959
9780444820679
9780122541056
9780080434070
9780444500953
9780444720009
9780444815217
9780444816597
9780444987839
9780444823847
9780444823533
9780444823892
9780444824042
9780444898678
9780444815385
9780080438603
9780444503848
9780080428017
9780444890788
9780444896018
9780444899811
9780444821713
9780444818683
9780080428055
9780080427973
9780444826206
9780444825940
9780444895998
9780444881649
9780444824363
9780080427959
9780444824721
9780444824851
9780444819864
9780444821577
9780444817181
9780444822031
9780121000714
9780126175608
9780125989107
9780127423562
9780125309851
9780125309905
9780444894304
9780444720078
9780444505248
9780125503600
9780444513007
9780444820860
9780124725317
9780444513229
9780080442778
9780080442877
9780444512307
9780444506580
9780444516534
9780444515193
9780444515186
9780444509215
9780444512499
9780444512994
9780444508898
9780444511522
9780444512864
9780080442884
9780122733512
9780444514370
9780121257514
9780444504692
9780444505880
9780444506061
9780444506436
9780080440019
9780444510044
9780123705358
9780444514912
9780444822642
9780444824585
9780444820839
9780444822659
9780444828156
9780444501059
9780444514493
9780444514158
9780444518545
9780444513502
9780444820853
9780444820884
9780444514363
9780444508935
9780125696821
9780124001510
9780124366039
9780444411068
9780444998781
9780444998576
9780444414274
9780444414410
9780444415257
9780444415141
9780444415806
9780444416568
9780444417275
9780444417541
9780444420435
9780444421456
9780444422651
9780444424433
9780444427342
9780444872708
9780444502100
9780080427997
9780444894335
9780444822376
9780080440057
9780080420929
9780080432588
9780444897831
9780444421104
9780444882325
9780444533470
9780444533456
9780444533463
9780444817952
9780444527691
9780126775600
9780122006753
9780750656085
9780750659888
9780750652971
9781555583200
9781931836012
9781931836227
9781931836319
9781931836197
9781932266818
9780120884520
9780120958115
9781931836043
9780127427515
9781555583170
9781555583224
9780126853520
9781555583132
9781932266832
9781932266962
9781932266825
9781555583125
9781555583118
9780124660519
9780125662512
9781555583187
9780750663519
9780750663526
9780126208627
9781555583231
9781555583217
9780123116338
9781932266917
9780122205316
9780080443355
9781555583286
9780121674519
9780750664967
9780750661317
9780750663106
9780750664714
9781555583149
9780127425030
9781931836081
9780120884223
9780120884018
9781932266542
9780127150512
9780750661409
9781932266894
9781931836036
9781931836111
9781931836128
9781931836258
9781931836241
9781931836050
9780120884766
9781555583156
9781555583163
9780123540515
9781555583019
9780125852630
9780120884025
9781932266528
9781932266726
9780444506801
9780120884698
9780127224428
9781932266672
9781555583347
9781932266801
9781597490764
9780444506726
9780444506733
9781597490870
9781597490887
9781597490481
9781597490474
9781597490276
9780750682060
9788131203767
9781931836418
9781932266986
9781932266474
9780444511041
9780444527264
9780444502087
9780444516893
9780444513793
9781932266504
9781931836401
9781597492508
9781597492515
9781597492430
9781597490580
9781597490573
9781597490641
9780444516121
9781555583309
9781555583293
9781555583491
9780444514936
9781597491105
9781597491129
9780120887989
9780120887996
9780120887972
9780123694737
9780120885602
9781931836395
9781931836371
9780120885596
9780123693907
9780123693792
9780750678933
9781597490320
9780444520425
9781555583354
9781597490429
9781597490405
9781931836425
9781597490306
9781597490313
9781597490351
9780444519993
9781597490368
9781597490375
9781931836364
9780444519481
9781597490412
9781597490047
9781597490054
9781931836203
9780123694263
9780750679299
9780123693884
9780123694041
9781903996386
9781597490177
9781597490191
9781597490207
9781597490214
9780123694225
9781932266863
9781932266399
9781928994985
9781931836098
9781555583323
9781597490115
9781555583385
9780750679541
9781555583392
9781555583378
9780123695123
9780444520753
9781597490061
9781597490184
9780120884773
9780750679497
9781555583279
9780750679145
9780444520241
9780444822260
9780444508133
9781597490603
9781597490788
9781597490795
9780123705976
9781555583446
9781597499972
9780444823274
9780444502759
9780444502285
9780444500021
9780126044904
9780444816078
9780444828507
9780121601706
9781597490634
9781928994183
9780124438804
9781558604469
9780122598708
9780122513411
9780124558403
9780122937859
9780444503534
9780121942755
9780444828514
9780127778303
9780124406513
9780444828163
9780444897541
9780444823076
9780444824868
9780444502704
9780444821072
9780444821065
9780444824271
9780444823229
9780444819994
9780444816443
9780444825872
9780444823328
9780444822505
9780444828491
9780750650830
9781555582739
9781555582746
9781555582760
9781555582807
9781555582814
9781555582074
9781555582715
9781555582777
9781555582791
9780124438750
9780750656832
9781555582821
9781555582869
9781555582890
9781555582906
9781555582944
9781555582951
9781555582524
9781555581596
9781555582562
9781555582593
9781555582647
9780444828309
9780444505569
9781555582425
9781555582432
9781555582609
9781555582630
9781555582661
9781555582678
9780124438705
9781558608696
9781558608528
9781558606777
9781558606555
9781558607149
9781558607125
9781558608603
9781558605947
9781558606876
9781558607019
9781558608313
9781558608559
9781558608535
9781555583330
9781558608726
9781558608566
9781558608597
9781558608610
9781558608665
9781558608689
9781928994831
9781931836517
9781931836562
9781931836876
9781931836906
9781558608740
9781558608702
9781558608764
9781558608900
9781928994602
9781558609358
9781558609365
9780120421718
9780127323503
9780126567557
9781558608757
9781558607798
9781558606845
9781931836920
9781928994046
9781928994060
9780122060939
9781558609327
9781558607972
9781558607545
9781558608627
9781558605794
9781558605954
9781558605466
9781558606425
9781928994091
9781558607538
9781558608269
9781558607491
9781558607903
9781558608207
9781558607699
9781558607453
9781558606395
9781558603530
9781558603547
9781558605886
9781558606722
9781558606883
9781558604568
9781558605084
9781558607132
9781558606531
9781558608917
9781558608924
9781558609006
9781558608894
9781558609099
9781558609075
9781558609068
9781558609105
9781558609181
9781558609198
9781558609143
9781558609150
9781928994671
9781558606432
9781931836883
9781931836579
9781931836630
9781931836975
9781931836647
9781931836654
9781931836692
9781931836708
9781558607118
9781928994800
9781928994817
9781928994848
9781928994855
9781931836494
9781931836500
9781931836531
9781931836548
9781931836661
9781931836746
9781558606487
9781558609341
9781558609297
9780127745756
9781555582982
9781928994268
9781928994275
9781928994299
9781928994312
9781928994329
9781928994343
9781928994404
9781928994442
9781928994466
9781928994480
9781558606692
9781558606364
9781558606517
9781558606852
9781558606746
9781558607002
9781558609136
9781558609174
9781558609235
9781558609167
9781558609242
9781558609204
9781558607378
9781558606586
9781558607835
9781558606739
9781558608160
9781558607828
9781558607514
9781558607521
9781558607460
9781558607552
9781931836807
9781555582999
9781558607668
9781558607606
9781558607682
9781558608085
9781558608108
9781928994565
9781928994589
9781928994015
9781928994084
9781928994114
9781928994138
9781555582838
9781558606371
9781558606081
9781928994145
9781928994169
9781928994190
9781558607927
9781558607347
9781558607026
9781558607361
9781558609334
9781555582975
9781558608368
9781558608191
9781558608023
9781558607989
9781558608344
9781558608177
9781558608283
9781558608221
9781558608306
9781558608290
9781558608436
9781558608405
9781558608467
9781928994237
9781928994251
9781928994428
9781928994459
9781928994473
9781928994503
9781928994510
9781928994541
9781928994596
9780124287518
9780750661232
9781555583064
9780120455997
9780121981570
9781932266559
9781932266566
9781932266573
9781932266603
9780125105811
9781932266658
9780750660983
9780125571890
9781555583026
9781932266009
9781928994640
9781928994701
9781928994770
9781931836814
9781931836845
9781555583071
9781931836944
9780121604523
9780750660754
9780750660761
9781931836913
9781932266696
9781931836937
9780124438958
9780444818621
9780120887934
9780120884827
9781558608351
9781558606593
9780123724984
9780123705211
9780123852519
9781558609259
9781558608481
9781558608382
9781558607873
9780125531801
9780444828828
9780444821638
9780126394818
9780125986557
9780126851854
9780124340701
9780124340688
9780121995706
9780127356327
9780125547666
9780121925314
9780124909212
9780122213458
9780122695452
9780125780100
9780125532358
9780120644902
9780121370404
9780122835223
9780120588664
9780124359604
9780123793706
9780121240103
9780124406520
9780123285300
9780124020412
9780124020429
9780124020436
9780127328706
9780125151757
9780125274708
9780126050707
9780126151602
9780122603556
9780127519654
9780124818262
9780124833555
9780122438516
9780080441832
9780123603906
9780124514515
9780124365902
9780123053558
9780120593545
9780125480352
9780126413519
9780123507259
9780122120510
9780122437809
9780125140829
9780124406582
9780123540157
9780120656042
9780126173314
9780124467446
9780080418902
9780126836301
9780080439495
9780080445311
9780080442013
9780080424330
9780444410542
9780444414083
9780444421449
9780444419088
9780444420466
9780444424235
9780444418845
9780444420770
9780444418623
9780444426260
9780444426239
9780444426277
9780444419101
9780444423146
9780444424860
9780444418494
9780444418548
9780444412980
9780444413284
9780444505057
9780444505378
9780444506474
9780444411822
9780444422330
9780444422781
9780444420138
9780444420022
9780444415455
9780444419675
9780750677851
9780444428356
9780444427434
9780444429049
9780444506115
9780444502414
9780444411570
9780444504340
9780444413024
9780444416797
9780444423375
9780444413208
9780444423566
9780444421296
9780444414908
9780444421531
9780080445250
9780080436494
9780126192629
9780444997876
9780444413765
9780080430126
9780444416544
9780444423924
9780444412515
9780444419347
9780444997128
9780444422408
9780444412324
9780444417978
9780444418814
9780444419699
9780444421968
9780444416803
9780444412034
9780444426758
9780444424501
9780444422064
9780444418920
9780444421654
9780444426833
9780120883929
9780444411525
9780444995261
9780444427946
9780444419903
9780444506610
9780444516862
9780444515445
9780080442433
9780444511515
9780444521279
9780444521613
9780444509239
9780444511140
9780444520463
9780444514219
9780080439280
9780444510013
9780444516299
9780080446332
9780444505606
9780444506856
9780444515537
9780444518491
9780444504296
9780444510891
9780080450414
9780080446721
9780080438801
9780080439297
9780080439310
9780444514790
9780444514783
9780444505798
9780444502254
9780444515063
9780080439860
9780444503916
9780444511508
9780080438641
9780444512673
9780444517944
9780444520609
9780444517029
9780444520845
9780444505255
9780444821966
9780444509833
9780444511492
9780444511379
9780444516152
9780444520531
9780444511362
9780080447216
9780444516473
9780444512666
9780444506528
9780444520708
9780444515926
9780444515933
9780444520647
9780080430102
9780444519795
9780444518811
9780444513403
9780444520111
9780080439303
9780444511324
9780444515810
9780444515506
9780444514622
9780444509680
9780444521705
9780444517302
9780444521040
9780444521750
9780444519986
9780444888051
9780444885104
9780444890016
9780444882585
9780444893802
9780080363721
9780444874528
9780444887511
9780444429339
9780444426772
9780444874702
9780444873811
9780444987518
9780444886910
9780444883100
9780444873729
9780444873750
9780444883070
9780444882486
9780444883032
9780444817433
9780444885166
9780444889133
9780444417343
9780444416933
9780444418470
9780444418555
9780444421326
9780444426208
9780444995988
9780122760600
9780444829344
9780444828873
9780444503091
9780444825711
9780444821034
9780444825629
9780122570605
9780444899996
9780444882912
9780444503114
9780122897702
9780123165503
9780444887825
9780080420301
9780444825452
9780444882738
9780126363753
9780080430133
9780080431116
9780444500892
9780444500359
9780444883254
9780444886330
9780444429919
9780444427205
9780444429872
9780444415783
9780444430014
9780444989215
9780444871206
9780444429223
9780444428660
9780444873088
9780444873521
9780444886804
9780444888495
9780444887641
9780444987167
9780444873095
9780444882530
9780444889683
9780127796215
9780444501547
9780127346038
9780444505019
9780127083506
9780123789518
9780123462404
9780444501158
9780444510198
9780444504630
9780123238412
9780122761515
9780124151468
9780444826497
9780125135634
9780444502766
9780444504388
9780444504395
9780080424316
9780444986689
9780444889614
9780444828019
9780444896902
9780444818638
9780444824653
9780444890863
9780444896230
9780444891037
9780444818201
9780444896131
9780444828927
9780444816214
9780444898470
9780444888242
9780444815965
9780444824967
9780444820303
9780444829191
9780444898302
9780444885173
9780444829252
9780444828255
9780444826725
9780444817679
9780444820686
9780444826572
9780444893222
9780444893246
9780444824981
9780884156420
9780884156437
9780750637152
9780750620888
9780124726703
9780123842459
9780750657808
9780444503800
9780444505002
9780126312607
9780444502834
9780444504647
9780080436722
9780444500779
9780750652780
9780750642262
9780750633840
9780750639835
9780444895660
9780444882974
9780444828835
9780444415363
9780444414953
9780444415547
9780444411839
9780444998699
9780444415691
9780444416131
9780444416575
9780444417732
9780444418524
9780444997517
9780444419620
9780444419354
9780444419453
9780444424006
9780444402400
9780444403940
9780444407566
9780444407085
9780444403209
9780444410016
9780444411181
9780444415240
9780444415462
9780444415523
9780444415745
9780444416025
9780444416759
9780444416827
9780444413987
9780444416193
9780444416674
9780044499565
9780444416254
9780444417183
9780444533128
9780444533135
9780444533142
9780444405708
9780444412461
9780444415103
9780444533432
9780444403131
9780444405975
9780444533449
9780444533159
9780444533166
9780444401830
9780444533173
9780444408501
9780444407061
9780444408914
9780444410436
9780444411006
9780444415059
9780444415684
9780444825681
9780444514226
9780444514707
9780444820792
9780080424309
9780444873910
9780444507563
9780444881700
9780444874153
9780444508386
9780444817686
9780125936507
9780127704500
9780121394509
9780126667509
9780122106507
9780124514508
9780124971509
9780121394608
9780124366206
9780124912403
9780124465800
9780126146608
9780127356303
9780121476854
9780124190504
9780125445504
9780750633864
9780123106506
9780875908571
9780123921505
9780122603501
9780123749222
9781114571556
9780123749239
9780123749246
9780125889407
9780125766500
9780123543509
9780123789501
9780121672508
9780122543609
9780124889507
9780124040120
9780121672522
9780123568816
9780444503107
9780444500946
9780444506429
9780444519559
9780444503244
9780444516442
9780444503367
9780124967526
9780444506702
9780124912458
9780444510143
9780080441627
9780080442693
9780080443515
9780080443560
9780080444864
9780080444109
9780080445502
9780080444895
9780080439471
9780080440453
9780080445700
9780080442761
9780080446950
9780080441061
9780080436876
9780080449494
9780080447049
9780080450308
9780080429946
9780080430058
9780080438658
9780126398557
9780444895684
9780444898180
9780120910908
9780080436319
9780124109506
9780080446615
9780120781423
9781845691578
9781845690526
9781845690465
9781855730045
9781855730052
9781855730069
9781855730502
9781855730038
9781855730274
9781855730342
9781855730243
9781855730632
9781855730663
9781855730083
9781855730144
9781855730120
9781855730137
9781855730168
9781855730205
9781855730250
9781845691264
9781845691240
9781845691363
9781845690168
9781845691301
9781845691103
9781855735736
9781855735750
9781855734241
9781855734296
9781855736894
9781855735897
9781855731226
9781855734203
9781855736948
9781855736955
9781855736962
9781855737136
9781855734456
9781855732131
9781855736122
9781855734166
9781855730977
9781855734937
9781855734920
9781855733145
9781855733152
9781855734272
9781855736054
9781855736108
9781855735675
9781855733060
9781855735224
9781855733862
9781855733787
9781855733886
9781855730885
9781855730922
9781855732193
9781855733336
9781898563594
9781855732391
9781855733671
9781855731820
9781855733435
9781898563853
9781898563860
9781855739437
9781904275374
9781855735415
9781898563587
9781898563402
9781855737686
9781855739512
9781855739529
9781898563709
9781898563525
9781898563945
9781898563495
9781904275268
9781898563280
9781898563303
9781898563334
9781898563341
9781898563556
9781898563563
9781898563518
9781904275015
9781855738256
9781855739963
9781855737457
9781855734883
9781855737716
9781855739482
9781855734838
9781898563259
9781855739703
9781855735378
9781855737426
9781855739178
9781855735385
9781855739253
9781855739192
9781855739475
9781855739673
9781855735781
9781855739055
9781855739239
9781855739383
9781855739390
9781855736870
9781855736887
9781855730021
9781855733374
9780122405709
9780123968401
9780125835602
9780125077514
9780444517067
9780125507219
9780125507233
9780125507226
9780080421407
9780121216825
9780125637305
9781856172165
9780080422664
9780080428215
9780122035906
9780125264204
9780750677493
9780750677349
9780123708861
9780750669559
9780122896767
9780750653190
9780750645829
9780444517562
9780444521620
9780750678216
9780444518804
9780444516879
9780444513182
9780444515896
9780444512963
9780750663151
9780444823663
9780444500328
9780444505316
9780444512437
9780444502674
9780444509697
9780444500335
9780444505033
9780444888709
9780750643986
9780750667845
9780080446066
9780750662765
9780750663137
9780750677820
9780750663953
9780750664318
9780750663977
9780750663984
9780750664004
9780080445083
9780080445106
9780750662772
9780750662789
9780124375529
9780750678261
9780750678414
9780750678223
9780750678193
9780444828095
9780444505811
9780750677981
9780750677608
9780750677301
9780750677523
9780750677868
9780127100579
9780124713529
9780750678131
9780750663441
9780444506498
9780080436616
9780080445113
9780750678322
9780444516169
9780080441016
9780080441474
9780080441955
9780080439211
9780080442129
9780080443126
9780750678155
9780750677592
9780750664356
9780750678360
9780080437125
9780080443485
9781856173681
9780120884414
9780124298514
9780125443616
9780750677295
9780750662703
9780750662710
9780750662727
9780750662741
9780750663854
9780750663960
9780080442686
9780080443812
9780080444291
9780080443713
9780124808744
9780124518384
9780750662215
9780080443508
9780750678285
9780750678568
9780080445489
9780750678391
9780080445458
9780080435671
9780080436890
9780080439488
9780080428390
9780121197926
9780124909519
9780120471447
9780750663700
9780750663717
9780080444956
9780080444772
9780080445540
9780080444758
9780080444666
9780750677790
9780080445441
9780080445069
9780750662567
9780124647862
9780080445380
9780750661645
9780750661652
9780750677752
9780123965615
9780750677929
9780750677783
9780750677806
9780121860318
9780750678087
9780750678100
9780080442716
9780750664325
9780750678308
9780080446912
9780750679121
9780750666947
9780080446882
9781856174404
9781856174602
9780444511553
9780120885145
9780750678834
9780080441290
9780750667388
9780750667401
9780750678865
9780750678872
9780444514356
9781856174480
9780750666633
9780080439822
9780750678728
9780750677462
9780750678667
9780120884056
9780080439853
9780123735522
9780750681124
9780444510860
9780080445847
9780444511027
9780080441078
9780750665070
9780750665544
9780080440859
9781856174954
9781856174442
9780080440767
9781856173889
9781856173957
9780080439709
9780123705020
9780080447315
9780750678735
9781856174084
9780080439518
9781856173865
9780120887958
9780750679183
9780080446264
9780080449241
9780750678612
9780750678650
9780080448886
9780750679077
9781856174664
9780080439532
9780080439501
9780080441146
9780080426990
9780120884810
9780080440668
9780444514271
9781856173964
9780750679633
9780123693877
9780120885015
9781856174725
9780750679602
9780123694768
9781857180268
9780080449500
9780750667227
9780750679275
9780123693945
9780750668491
9780750668460
9781856174794
9780444518132
9780080440804
9781903996652
9781903996584
9781903996669
9781903996553
9781903996614
9781903996119
9780080440507
9780080440170
9780080446363
9780750679657
9780080446370
9780080447087
9780750667548
9780750667562
9780750679268
9780750667876
9781857180336
9780750668576
9780080441009
9780123695314
9781857180299
9781857180312
9781903996515
9781903996010
9781903996379
9780750678759
9780750679329
9780080441481
9780750679534
9780750679527
9780750679466
9780750668798
9780750679343
9780750678445
9780750668217
9780120887576
9780444427540
9780444818010
9780444884954
9780444881465
9780444884015
9780444874450
9780444887962
9781856172493
9780080419206
9780444884985
9780750669955
9780080378763
9780750680288
9780124371606
9780080436432
9781856173544
9780122818455
9780080433295
9780127748108
9780124713703
9780121860301
9780124087507
9780122226953
9780123948502
9780126464900
9780124371750
9780125530101
9780080433271
9780080433202
9780121709600
9780122694400
9780125801904
9780120127696
9780120127702
9780120127719
9780120127726
9780120127733
9780120127740
9780120127757
9780120127764
9780120127771
9780120127795
9780444720016
9780122265709
9780123976314
9780124441651
9780120127788
9780080429984
9780080430157
9780124005600
9780121341305
9780126893403
9780125249959
9780080428307
9780126185201
9780121897109
9780127015101
9780080430225
9780080433288
9780080433172
9780125443609
9780120774609
9780080433417
9780122214400
9780123746955
9780444997685
9780444827906
9780444826701
9780080430089
9780124929401
9780120594757
9780121403102
9780125609906
9780080433196
9780126912951
9780127345307
9780127091204
9780124448162
9780121680305
9780123351852
9780124086555
9780444421616
9780444420008
9780444874016
9780444420718
9780444890184
9780444424921
9780444428561
9780444704870
9780444886767
9780444874351
9780444418982
9780126208610
9780122374722
9780123951731
9780123951724
9780127639529
9780444510471
9780126926606
9780120845903
9780080436685
9780123116307
9780080437842
9780123875822
9780125249454
9780444507464
9780123032607
9780124705050
9780122858529
9780122368455
9780127484518
9780750677059
9780120864300
9780124105904
9780122370854
9780122226960
9780125264303
9780124875708
9780122821608
9780127539607
9780127345703
9780124518308
9780124518322
9780120127689
9780121088521
9780120683772
9780122619120
9780122078910
9780122699511
9780121791902
9780121187101
9780126298109
9780125839617
9780120471416
9780123976307
9780122572517
9780127748115
9780123106759
9780080437118
9780122252624
9780122252631
9780080437101
9780080436999
9780122252617
9780125112215
9780124666276
9780121714086
9780124433410
9780125041904
9780126354904
9780121218515
9780124211612
9780120932702
9780126157604
9780124291508
9780124808706
9780080426884
9780444986740
9780444892355
9780750677653
9780444897558
9780444821706
9780444819307
9780444893369
9780444823380
9780444823632
9780080433189
9780080433363
9780444823496
9780444505583
9780080433226
9780080428482
9780444897893
9780444816849
9780444815835
9780444897985
9780444895158
9780444818157
9780444822611
9780080428253
9780444822635
9780444894793
9780444817648
9780444817068
9780444825025
9780444895639
9780750647915
9780750648349
9780750624039
9780750637442
9780750670241
9780750670494
9780750670692
9780750637701
9780750655460
9780750655552
9780750655569
9780750655583
9780750656122
9780750656368
9780750635455
9780750651134
9780340544723
9780750624985
9780750625302
9780750626620
9780750627245
9780750670814
9780750671262
9780750671279
9780750671354
9780750674119
9780750674614
9780750647571
9780750699921
9780884155140
9780750677035
9780750651004
9780884156611
9780884156628
9780884156635
9780884156864
9780750672337
9780750657204
9780750657211
9780750657273
9780750672801
9780750672917
9780750654616
9780750653985
9780750674959
9780750674997
9780750675437
9780750675550
9780750676106
9780750676212
9780750643559
9780750644167
9780340614570
9780340631706
9780340631713
9780120530793
9780750693998
9780750676168
9780750676830
9780124433458
9780126853513
9780750651554
9780750653008
9780750649322
9780750649339
9780750649476
9780750650403
9780750650458
9780750650465
9780340705896
9780340719206
9780340731253
9780340731628
9780340740767
9780750635530
9780750636254
9780340631836
9780340631911
9780340645703
9780340645710
9780340645802
9780750646246
9780124808737
9780125541572
9780125463348
9780750690898
9780340720189
9780750650731
9780750627825
9780884153108
9780750657150
9780750657570
9780750657730
9780340700143
9780750652117
9780750658553
9780750670739
9780340631959
9780340631980
9780340662786
9780340676486
9780750635899
9780750636377
9780750636384
9780750637411
9780750637428
9780750694728
9780750698191
9780340676493
9780340676509
9780340676523
9780340676998
9780340691434
9780750619592
9780750658577
9780750699167
9780884153474
9780884153948
9780884154976
9780884155096
9780340705766
9780750656351
9780750699907
9780750699938
9780750643320
9780750644471
9780750645836
9780750646253
9780750671613
9780750671736
9780340691359
9780126022506
9780750670067
9780750670623
9780750670630
9780750697477
9781589950016
9781589950047
9781878707161
9781878707475
9781878707529
9781878707574
9780126192612
9780120451449
9780123188601
9780750658461
9780750671583
9780750671743
9780750672191
9780884159490
9780884152040
9780884152286
9780884152576
9781878707505
9781878707963
9781878707987
9780750674454
9780750642828
9780750642866
9780750644501
9780750646826
9780750675352
9780750675451
9780750671507
9780750672948
9780750657976
9780750657983
9780750657990
9780750658003
9780750658010
9780750658034
9780125330848
9780123797773
9780750671750
9780884157908
9780750674355
9780750674737
9780750690881
9780884158714
9780884158776
9780884159483
9780750674973
9780750674980
9780750675314
9780750675963
9780750634298
9780750673167
9780750673198
9780750673280
9780750635417
9780750676045
9780750676052
9780750676069
9780750676090
9780750676113
9780750676175
9780750648332
9780750648851
9780750648882
9780750650038
9780122629426
9780750657723
9780750637404
9780750637435
9780750637459
9780750657716
9780884158875
9780750676182
9780750676236
9780750676533
9780750657358
9780750657365
9780750657594
9780750676038
9780750650540
9780750650588
9780750650755
9780750650762
9780750673297
9780750673426
9780750673518
9780750632775
9780750696548
9780750650793
9780750650809
9780750650816
9780750650861
9780750650878
9780750650885
9780750650922
9780750698696
9780080438689
9780750698993
9780750658072
9780750657969
9780750658027
9780750658041
9780750658058
9780750658065
9780750658089
9780750697002
9780750697026
9780750697071
9780124666061
9780122476655
9780124027725
9780125004510
9780121742317
9780080436937
9780750697279
9780750698344
9780122210907
9780750651295
9780750655200
9780750648448
9780750641333
9780815511717
9780750650137
9780750650489
9780750650649
9780750651264
9780750652131
9780750677325
9780815514473
9780815514107
9780815513902
9780815513971
9780750656924
9780750654371
9780750650953
9780750656863
9780750653701
9780750655446
9780750639026
9780750639316
9780750639927
9780750660822
9780750677172
9780750659147
9780750672818
9780750639965
9780750673419
9780750674461
9780750673433
9780750674034
9780750647090
9780750659789
9780750676120
9780122365423
9780750677011
9780750677196
9780750677226
9780120445066
9780750675222
9780750675345
9780750675475
9780884154303
9780884153443
9780750676953
9780120641550
9780750659918
9780750676021
9780750677240
9780815514480
9780750677257
9780750677264
9780750659321
9780750658669
9780340610589
9780815514091
9780815514459
9780122374616
9780120586615
9780750661003
9780750677233
9780125250962
9780750633550
9780750633567
9780122078927
9780815514442
9780815513865
9780815513728
9780815514060
9780815513919
9780815514350
9780124932906
9780750641678
9780750644198
9780750645683
9780750645690
9780750646369
9780815514671
9780815511755
9780884154112
9780884152699
9780815514237
9780815514817
9780122084317
9780750659246
9780444416766
9780444419668
9780815515364
9780815514923
9780815514282
9780750677400
9780815514978
9780124974517
9780126058116
9780750660792
9780750626286
9780750626293
9780815514114
9781891121135
9780750641616
9780750642842
9780750628563
9780750660808
9780815513742
9780122941511
9780124680418
9780815514398
9780815513889
9780815513698
9780815514183
9780815514916
9780815513995
9780815513810
9780815513780
9780126552812
9780750651486
9780750637640
9781856174169
9781856174503
9781856174428
9780080440460
9780750677448
9780750674027
9780750677165
9781856174961
9780750678803
9781856174091
9780750677332
9780750675680
9781856174572
9780080443522
9780127877679
9780080445663
9780750678476
9780750667234
9781856173902
9781856173872
9780126568813
9780750677578
9780120884933
9780126801453
9780121335700
9780120777907
9780125507110
9781856174459
9780080429991
9780444508829
9781856173759
9780750636346
9780750650939
9780750651349
9780750661294
9780750651127
9780750669184
9780750644495
9780750651257
9780750675796
9780750674393
9780750679725
9780750679336
9780126561531
9780750641326
9780750671361
9780750662680
9780750646376
9780750636582
9780125004534
9780444533326
9780976511366
9780976511380
9780976511397
9780976511304
9780976511342
9780976511311
9780976511359
9780444510921
9781845692315
9781855736146
9781855735316
9781898563815
9781855738164
9781898563938
9781855738133
9781855735811
9781855738058
9781855736856
9781855738065
9781855738072
9781898563082
9781855737990
9781904275176
9781855738126
9780121797263
9780126633153
9780123866608
9780126272550
9780127472614
9780120882533
9780123486554
9780444501592
9780444504869
9780125762601
9780080439204
9780444515735
9780444424808
9780444995872
9780444417954
9780444995612
9780444426161
9780444430243
9780444427052
9780444873828
9780444413727
9780444413161
9780444427939
9780080431994
9780444988959
9780444417459
9780444417770
9780444418791
9780444420831
9780444418272
9780444998200
9780444427816
9780444997616
9780444997531
9780444419989
9780080434254
9780444422835
9780444997555
9780080444628
9780444419750
9780444421029
9780444425140
9780750678384
9780444426987
9780444427175
9780444427298
9780444996565
9780444998149
9780444503527
9780080437088
9780080449098
9780750678889
9780080438559
9780080451312
9780444516787
9780444516916
9780080441665
9780080437163
9780080428147
9780080441115
9780080440866
9780444505637
9780444515087
9780080437149
9780080441191
9780080441931
9780444517241
9780080443218
9780444515360
9780444520685
9780080441375
9780080441771
9780080448510
9780080436630
9780080443003
9780444514295
9780080441924
9780080443171
9780444514417
9780444519153
9780444887702
9780444987204
9780444889836
9780444873736
9780080424187
9780444881632
9780444880314
9780444886538
9780080420295
9780444989123
9780444989116
9780444527349
9780080450223
9780444522184
9780444825636
9780444818294
9780444820372
9780444827999
9780444892638
9780444891525
9780080436487
9780120915606
9780444872661
9780444427250
9780444995131
9780444426789
9780444429148
9780444989031
9780444885371
9780444429452
9780444989444
9780444430373
9780444989338
9780444420411
9780444420671
9780444423474
9780444427151
9780444871305
9780444872968
9780444889560
9780444885302
9780120734610
9780125615402
9780080437903
9780444505170
9780444505323
9780120644773
9780080437811
9780122415401
9780444828088
9780444987228
9780444892706
9780444818539
9780444817037
9780444898685
9780444889935
9780444814647
9780444821430
9780444889362
9780444826596
9780444881885
9780444987570
9780444888310
9780444817891
9780444816177
9780444827715
9780444893062
9780444817556
9780444825346
9780444822475
9780444820389
9780444890894
9780444815163
9780444987983
9780444987266
9780444894564
9780340645970
9780340652619
9780340652602
9780884159209
9780122351549
9780884153863
9780444416919
9780444417640
9780444418753
9780444418890
9780444419002
9780444419606
9780444997432
9780444997210
9780444420220
9780444997241
9780340652626
9780444997159
9780444421883
9780444424167
9780444424242
9780444885289
9780444412591
9780444412706
9780444413130
9780444414175
9780444416704
9780444418487
9780444419910
9780444420367
9780444416698
9780444425829
9780444521071
9781856173896
9780080436265
9780080440156
9780080433400
9780444892492
9780444518408
9780444509758
9780444518392
9780444825339
9780080438528
9781843341321
9781845691547
9781855730670
9781855730434
9781855730496
9781855731004
9781855735934
9781855735910
9781855735927
9781855735941
9781855735118
9781855735347
9781855732155
9781855731059
9781855731097
9781855731318
9781855733220
9781855735125
9781855734654
9781855731165
9781855732568
9781855731042
9781855736931
9781855734913
9781855732520
9781855734319
9781855734616
9781855730984
9781855732506
9781855732537
9781855732452
9781855732469
9781855731516
9781855735965
9781855732476
9781855731790
9781855733879
9781855734562
9781855734517
9781855733350
9781855733312
9781855733299
9781855731943
9781855732025
9781855732063
9781855733367
9781855733732
9781855734463
9781855734111
9781855733237
9781855733268
9781855731035
9781855733275
9781855733282
9781855731950
9781855733725
9781855734388
9781855731806
9781855731905
9781855731912
9781855730724
9781855730748
9781855730755
9781855734357
9781855734364
9781855734395
9781855734371
9781855731769
9781855734043
9781855733404
9781855730694
9781855733459
9781855733466
9781855735804
9781855735446
9781855735422
9781855734722
9780121384104
9780750651639
9780750643955
9780122660511
9780124458901
9780750646772
9780750657457
9780122796708
9780121098919
9780127708515
9780750654197
9780750654845
9780750654852
9780750654869
9780750659062
9780750654883
9780750655163
9780124262973
9780750654487
9780750654654
9780750653848
9780750659055
9780750653329
9780122796715
9780123547514
9780750653824
9780750653831
9780750648639
9780125982757
9780750640114
9780750654876
9780120884643
9780750664523
9780750664561
9780750665322
9780120884384
9780750656672
9780750661829
9780750658997
9780750659093
9780750659086
9780750659031
9780750660075
9780750661362
9780750660068
9780750662598
9780750662611
9780750662628
9780750662635
9780750638654
9780121082659
9780120476824
9780750640121
9780750659079
9780750650267
9780750655385
9780750647328
9780750647519
9780127223513
9780126860405
9780750668545
9780750667265
9780121742324
9780122538414
9780126990515
9780123497048
9780750679848
9780127817217
9780121377519
9780126635539
9780124859678
9780120959778
9780121706210
9780126633511
9780125588225
9780750679756
9780750668552
9780444508966
9780123523259
9780123901200
9780122740206
9780120884247
9780124915435
9780124983403
9780125950206
9780125179706
9780124594609
9780122493409
9780123626752
9780122203602
9780127753904
9780123042200
9780126633306
9780124701007
9780124205109
9780123619464
9780122870231
9780122147302
9780123943309
9780124105805
9780444521583
9780444518088
9780444518071
9780122107207
9780124733459
9780124653306
9780126437652
9780125838061
9780127489209
9780125838054
9780125464017
9780121035204
9780444517555
9780444518019
9780123694522
9780123693532
9780444516510
9780124982512
9780124558519
9780124733466
9780125515702
9780121951603
9780124733350
9780125069656
9780127640518
9780121983826
9780125264518
9780122007415
9780120536405
9780122207518
9780125893763
9780124339019
9780121948511
9780123264602
9780121783556
9780120834754
9780123975706
9780126775303
9780124982642
9780121995041
9780120595174
9780123790774
9780126896633
9780120884834
9780125959612
9780444516176
9780444513984
9780124559004
9780124652712
9780120884032
9780120884117
9780121794606
9780120536412
9780120884513
9780121072582
9780444512710
9780120884452
9780444828071
9780444503879
9780444516527
9780444506573
9780444510303
9780444514424
9780444516428
9780444510846
9780444509864
9780444509970
9780444510020
9780444508843
9780444820396
9780444823830
9780444510518
9780444513519
9780444507549
9780444813121
9780444503312
9780762302017
9780444506023
9780444814982
9780444507402
9780444508515
9780444986665
9780444819772
9780444828248
9781559386937
9780444829115
9781845690571
9781845690496
9781845691387
9781845690052
9781855730397
9781855730199
9781855730519
9781845691004
9781845691011
9781855735705
9781855735767
9781855734289
9781855733121
9781855734227
9781855734258
9781855734265
9781855732605
9781855735880
9781855733763
9781855731271
9781855734234
9781855731295
9781855733206
9781855734197
9781855734210
9781855732544
9781855732599
9781855735996
9781855734944
9781855736139
9781855736085
9781855734593
9781855733053
9781855733183
9781855733190
9781855731554
9781855736016
9781855735507
9781855736061
9781855735743
9781855733343
9781855733794
9781855732124
9781855733855
9781855732209
9781855732421
9781855734531
9781855732407
9781855732087
9781855730861
9781855731981
9781855733695
9781855733480
9781855730816
9781855734067
9781855732438
9781855739215
9781855737389
9781898563679
9781855737693
9781855739345
9781855739352
9781855738317
9781855739314
9781855734739
9781855735408
9781855739291
9781855739307
9781855737419
9781855739277
9781855734845
9781855738171
9781855738225
9781855738249
9781855739161
9781855735392
9781855735453
9781855735460
9781898563112
9781855739413
9781855739697
9781855739956
9781855737365
9781855735774
9781855737396
9781855739185
9781855739222
9781855739420
9781855736832
9781855735873
9781855739369
9781855737372
9781855739338
9781855737662
9781855737679
9781855738386
9781855739048
9781855737433
9781855737440
9781855738041
9781855739284
9781855736849
9781855734852
9781855731325
9780080426792
9780126182408
9780125249850
9781856172332
9780122386404
9780750642194
9780080445373
9780080444635
9780080445045
9780080441641
9780080426983
9781856173643
9781856173636
9780120884872
9780080443737
9781856173698
9780750677561
9780750663793
9780080444017
9780080444260
9780080445052
9780080443775
9780080443751
9780125947510
9780080445021
9780080436371
9780080439365
9780125330329
9780080443881
9780080445595
9780080440408
9780444513397
9780750680844
9780080438900
9780444515704
9780120885152
9780080440187
9781856174312
9781856174497
9780080449647
9780444508652
9780080439587
9781856174435
9780080446400
9780444514837
9780080446998
9780444529459
9780080440644
9781856174749
9780080440248
9780080441047
9780080441634
9780080440194
9780444519788
9780444510914
9780080439389
9780080446974
9780444518552
9780080447223
9780080446394
9781856174152
9781856174114
9780444514943
9780080447230
9780080421513
9780080421469
9780444822628
9780080451541
9780124259706
9781856173506
9780125137454
9780125330251
9780122218200
9780444100306
9780125330275
9780122577352
9780080427010
9781856173490
9780080426976
9780125084604
9780123418340
9780125330268
9780123420701
9780125330213
9780125330220
9780125444156
9780121197650
9780121379407
9780444827937
9780080434162
9780080437132
9780124192454
9780125139052
9780121241407
9780125249751
9780125137607
9780125139045
9780125139090
9780125330237
9780125330282
9780080427034
9780122653209
9780126546408
9780127597515
9780080421292
9780080426952
9780080434179
9780080426969
9780080426839
9780444824769
9780125330299
9780444899309
9780444501035
9780444816665
9780444828149
9780444826411
9780444898753
9780444825483
9780444825001
9780750647779
9780750647908
9780750648516
9780750671231
9780750677110
9780750675093
9780340705902
9780340545249
9780750644525
9780750645645
9780125139205
9780750637602
9780750651547
9780750646406
9780750656795
9780125129084
9780126016857
9780750672092
9780123946904
9780122222801
9780126441406
9780750677424
9780080438863
9780750632652
9780750632669
9780444506047
9780750642347
9780125139106
9780080437873
9780444506306
9780815514732
9780750674010
9780750672184
9780125070607
9780815515012
9780750677431
9780815514176
9780815514435
9780750631020
9780125330305
9780815514879
9780815514213
9781884207723
9780815513575
9781884207174
9780815513582
9780815513926
9780125330312
9780444509666
9780444823700
9780815514862
9781884207815
9780815514718
9780815515135
9781884207785
9780815513896
9780815515227
9780815515173
9781884207846
9781884207969
9780815514008
9780815513735
9781884207778
9780815514626
9781884207600
9781884207594
9781884207761
9780815515029
9780815514374
9780815514244
9780815514268
9780750642835
9780750660006
9780125154239
9780815515005
9780121746513
9780815514909
9781884207990
9780815515241
9781884207587
9780815515159
9780815513933
9781884207754
9781884207853
9780815514190
9781884207914
9780815515340
9781884207976
9780815515234
9780815515050
9780815514343
9780815514831
9781884207921
9780815514039
9781856173568
9781856174817
9780120735518
9781856173919
9781856174107
9780750651318
9781898563358
9781904275107
9781904275190
9781898563846
9781898563983
9781898563990
9781904275039
9781904275053
9781898563273
9781898563570
9781904275008
9781898563976
9781898563044
9781898563068
9781898563662
9781898563693
9781898563778
9781898563792
9781898563891
9781898563914
9781904275046
9781898563143
9781898563129
9781898563211
9780126913606
9780120848409
9780124429505
9780120848508
9780123152503
9780120658503
9780124403505
9780125488501
9780120875504
9780120567560
9780120437504
9780122218507
9780123179500
9780125246507
9780122418501
9780124429567
9780120588503
9780124301504
9780127093505
9780124023567
9780124023505
9780120447503
9780124402508
9780120567539
9780124974500
9780120733507
9780125528504
9780124328501
9780124023604
9780122695506
9780122830501
9780123426505
9780123738509
9780126434309
9780120567522
9780120890408
9780121745608
9780125254304
9780120442102
9780120781454
9780120567409
9780127799506
9780124807013
9780124807020
9780120848010
9780120848027
9780124599017
9780124599024
9780124341012
9780124341029
9780122570506
9780120579501
9780125636506
9780120934508
9780124495500
9780120484508
9780125230506
9780120957507
9780127795508
9780123408501
9780126856507
9780127020600
9780127016504
9780126548501
9780121883508
9780122377501
9780125041409
9780120849024
9780444534118
9780126730159
9780126423501
9780123003508
9780120931507
9780127289502
9780120437603
9780122821509
9780123172600
9780126045604
9780124005501
9780123400505
9780124023703
9780120932504
9780120973507
9780124301405
9780122218606
9780120893508
9780124938502
9780121634513
9780122896408
9780120855605
9780122262500
9780124907508
9780122092503
9780123241504
9780120897506
9780127020501
9780124985506
9780122897504
9780124023659
9780124547506
9780120932603
9780121783501
9780122368509
9780125126502
9780123632609
9780126297508
9780126144505
9780120658015
9780124888500
9780125214506
9780124326507
9780125862509
9780126167504
9780122738500
9780124327504
9780126148503
9780123282507
9780127579405
9780122699603
9780126568806
9780121609542
9780124169609
9780120802203
9780125928502
9780124599802
9780122832802
9780123846808
9780122544507
9780121071509
9780121473808
9780123276803
9780120443703
9780123965608
9780124687202
9780126854800
9780124804807
9780121634520
9780125084659
9780125931106
9780125194501
9780444879387
9780444703170
9780444877567
9780444861993
9780444702333
9780444701527
9780444879523
9780444875440
9780444878854
9780444876713
9780444867148
9780444701992
9780444873774
9780444874061
9780444862167
9780444878342
9780444876416
9780444874894
9780444874559
9780444874580
9780444865274
9780444876669
9780444863881
9780444853455
9780444864000
9780444701879
9780444875860
9780444864949
9780444876515
9780444864659
9780444701275
9780444878021
9780444703286
9780444868305
9780444702197
9780444701213
9780444875884
9780444874290
9780444880178
9780444880222
9780444880215
9780444704559
9780444873293
9780444871190
9780444703217
9780444865717
9780444703101
9780444877086
9780444705204
9780444880543
9780444705211
9780444865878
9780444865120
9780444876034
9780444703415
9780444865670
9780444854230
9780444879271
9780444879622
9780444863843
9780444703699
9780444701916
9780444868664
9780444705440
9780444853066
9780444862334
9780444702265
9780444851840
9780444876997
9780444704535
9780444863669
9780444861665
9780444875853
9780444868978
9780444861573
9780444876980
9780444879974
9780444878861
9780444701282
9780444701848
9780444876560
9780444876553
9780444877765
9780444701442
9780444879592
9780444702128
9780444867834
9780444876324
9780444866622
9780444894830
9780444884145
9780444885029
9780444884886
9780444704641
9780444878212
9780444702654
9780444872975
9780444700438
9780444876430
9780444868404
9780444885937
9780444861559
9780444861719
9780444866806
9780720422702
9780444879165
9780444881151
9780444880567
9780444878656
9780444866813
9780444703057
9780444879660
9780444878236
9780444865168
9780444701367
9780444868732
9780444878038
9780444701299
9780444864185
9780444883827
9780444701404
9780444879998
9780444702111
9780444877451
9780444701909
9780444702395
9780444876478
9780444865281
9780444868756
9780444878045
9780444866264
9780444702487
9780444862778
9780444500755
9780444503343
9780120884094
9780120885091
9780123694270
9780444505422
9780444506207
9780444512888
9780444511249
9780444517906
9780444502193
9780444517937
9780444518606
9780444518590
9780444518149
9780444514523
9780444518910
9780444516138
9780444504920
9780444511287
9780444511263
9780444511317
9780444516329
9780444503282
9780444515568
9780444503305
9780444512871
9780444518323
9780444521408
9780444506504
9780444515308
9780444515698
9780444504661
9780444516114
9780444508713
9780444505507
9780444516268
9780080438580
9780444508263
9780444500564
9780444517890
9780444527141
9780444511232
9780444511034
9780444501691
9780444516312
9780444828415
9780444513762
9780444514745
9780444502636
9780444515865
9780444824325
9780444505958
9780444504746
9780444509321
9780444513786
9780444509444
9780444528490
9780444515476
9780444828453
9780444528469
9780444517951
9780444861481
9780444863195
9780444863089
9780444863911
9780444871299
9780444703262
9780444513151
9780444503558
9780444517913
9780444520524
9780444520258
9780444520395
9780444520777
9780444521095
9780444518613
9780444520135
9780444520555
9780444517883
9780444520869
9780444520487
9780444514479
9780444518446
9780444852922
9780444864499
9780444520456
9780444520272
9780444700742
9780444701893
9780444703613
9780444877536
9780444521064
9780444865267
9780720407013
9780444703866
9780444875716
9780444703569
9780444704436
9780444513731
9780444700995
9780444864529
9780444888464
9780444884411
9780444881342
9780444884343
9780444890061
9780444865960
9780444863683
9780444888693
9780444888402
9780444705389
9780444863959
9780444879653
9780444884442
9780444883551
9780444884657
9780444887979
9780444702609
9780444521972
9780444527967
9780444880017
9780444883957
9780444891105
9780444876799
9780444825704
9780444828910
9780444886323
9780444874337
9780444500038
9780444501066
9780444522009
9780444504234
9780444822123
9780444503961
9780444512642
9780444826695
9780444501684
9780444513854
9780444522092
9780444527356
9780444522139
9780080449425
9780444527622
9780444828422
9780444513052
9780444507495
9780444507501
9780444507518
9780444507525
9780444507532
9780124179103
9780124192515
9780124224902
9780444825117
9780125535601
9780125581806
9780122733703
9780444829948
9780444898401
9780444816924
9780126227604
9780126254402
9780444500830
9780444898821
9780444823755
9780123361707
9780444876577
9780444864765
9780444865359
9780444862266
9780444864178
9780444861351
9780444868459
9780444888990
9780444885562
9780444887009
9780444886705
9780444516220
9780444878052
9780444864260
9780444866776
9780444865106
9780444867063
9780444861788
9780444863973
9780444862907
9780444875785
9780444862075
9780444861313
9780444865465
9780444877277
9780444851727
9780444863294
9780444863584
9780444854032
9780444850287
9780444705334
9780444861726
9780444875198
9780444863652
9780444876317
9780444868763
9780444868671
9780444864697
9780444890009
9780444864895
9780444864956
9780444876010
9780444863188
9780124211803
9780121726515
9780125068512
9780125434300
9780120567454
9780122227509
9780127432731
9780444502971
9780125992503
9780125588409
9780122990458
9780123384607
9780120957804
9780123392510
9780125277808
9780124807037
9780124400511
9780122527210
9780123624406
9780444501165
9780127515410
9780444825377
9780122527227
9780122491030
9780127329604
9780444500724
9780123097507
9780124418806
9780444886125
9780444895431
9780444815057
9780444827777
9780444892379
9780444893789
9780444890047
9780444502056
9780444503299
9780120839711
9780122265518
9780124874626
9780444894472
9780444500557
9780444828729
9780444828736
9780444894908
9780444820358
9780444823069
9780444817143
9780444894465
9780444890986
9780444890726
9780444892874
9780444892386
9780444893413
9780444881373
9780444894526
9780444890917
9780444822406
9780444824387
9780444899170
9780444894410
9780444815934
9780444895059
9780444897404
9780444897718
9780444898227
9780444822253
9780444817792
9780127050515
9780124218505
9780122947575
9780124179417
9780125267403
9780120887309
9780121706401
9780122670657
9780127284507
9780444506092
9780123383013
9780120903504
9780124276109
9780124176508
9780125593502
9780123815507
9780125492508
9780444506214
9780444826183
9780444504739
9780127485409
9780123495501
9780123329202
9780122155505
9780126730319
9780123046208
9780127347608
9780125321112
9780120441433
9780123822567
9780124176409
9780122002304
9780120934201
9780120502608
9780125079525
9780121160524
9780125834308
9780120488605
9780123527509
9780125897402
9780122327506
9780122340017
9780122340024
9780124654501
9780128994405
9780121160500
9780122960505
9780120441501
9780120870509
9780126352504
9780121371500
9780126741506
9780126954609
9780122042201
9780123802453
9780125998413
9780125998420
9780127329611
9780126390605
9780125463904
9780124261259
9780126801460
9780127013008
9780125686501
9780122957505
9780120502509
9780124958500
9780123351500
9780123819505
9780122132506
9780125630405
9780121417017
9780126442502
9780127013503
9780125998505
9780124073500
9780126348507
9780125971409
9780123940506
9780127728506
9780123744500
9780125660600
9780444108982
9780720405378
9780444851673
9780444861221
9780122761508
9780125292504
9780122155604
9780125976800
9780125293013
9780122517501
9780127798509
9780123017505
9780123933010
9780123933027
9780817634988
9780124694507
9780124862609
9780125943802
9780125069809
9780122131509
9780123548610
9780122251504
9780123745750
9780121485016
9780123745767
9780124368507
9780120852505
9780125178501
9780121288501
9780123027016
9780123027030
9780127676500
9780122213502
9780124974609
9780126145502
9780126035506
9780127212500
9780123802507
9780444861245
9780444863553
9780444864161
9780444877048
9780044488088
9780720420418
9780720420616
9780720427035
9780444104298
9780444104304
9780444104380
9780444104519
9780444106094
9780444106087
9780444106216
9780444106414
9780720407655
9780720410433
9780720408430
9780444853226
9780080867670
9780444860484
9780444854841
9780444861108
9780444861115
9780444861535
9780444107374
9780444107763
9780444108500
9780444108609
9780444109590
9780444110022
9780444110404
9780444111074
9780720405538
9780444850843
9780720405668
9780720407242
9780444850300
9780720407129
9780444850577
9780444851000
9780444851666
9780444851857
9780444852601
9780444852649
9780444853042
9780444853288
9780444852397
9780444854438
9780444854360
9780444860323
9780444860422
9780444860491
9780444860552
9780444861139
9780126546569
9780120722501
9780123745804
9780123745811
9780123745828
9780121178512
9780123745682
9780123745699
9780123745705
9780120419562
9780126994506
9780123745712
9780123379504
9780123745729
9780125062503
9780123745736
9780122206504
9780125081504
9780127427508
9780123745743
9780122696015
9780125136501
9780123745552
9780121720506
9780123584502
9780123745620
9780123384508
9780123745644
9780123745651
9780123745668
9780124992504
9780123745675
9780121734503
9780444702593
9780444501707
9780444828361
9780444703682
9780080873558
9780123749154
9780125302609
9780444533685
9780720428407
9780126884500
9780123749161
9780124370562
9780123749178
9780126962505
9780122596506
9780125894500
9780123749185
9780125516501
9780125113502
9780122519505
9780126795509
9780120651504
9780124708501
9780124474505
9780121555504
9780126203509
9780126789508
9780123421500
9780123800503
9780121043605
9780122479502
9780125969505
9780124915503
9780123480507
9780123745507
9780122155024
9780122155031
9780122155048
9780122155055
9780122696022
9780123027023
9780444533661
9780444703583
9780444106780
9780720428100
9780444107312
9780444850102
9780720405019
9780720407105
9780444851765
9780444852939
9780444850836
9780444854216
9780444852656
9780444533289
9780444533302
9780444533319
9780120656509
9780120748501
9780124366503
9780122994500
9780127595504
9780120463503
9780121189501
9780127424507
9780124959507
9780124929500
9780127021508
9780122180507
9780125255509
9780122695605
9780124915404
9780124042506
9780120850600
9780126724509
9780124879508
9780121614508
9780121962500
9780123787507
9780123014504
9780444533692
9780126203707
9780121473600
9780444533708
9780444533722
9780120567553
9780121740610
9780121740627
9780120849017
9780444533753
9780444533760
9780444533777
9780444533784
9780444533791
9780444533807
9780444533814
9780444533821
9780444533838
9780444533845
9780444533852
9780444533869
9780444533876
9780444533883
9780444533890
9780444533906
9780444533913
9780444533920
9780444533937
9780444533944
9780444533951
9780444533968
9780444533975
9780444533982
9780444533999
9780444534002
9780444534019
9780444534026
9780444534217
9780720422559
9780720422573
9780720422610
9780444534033
9780444534040
9780720422580
9780444534057
9780720422597
9780444534064
9780720422085
9780720422665
9780444534071
9780720422696
9780444534088
9780720420654
9780720422672
9780804700962
9780720422719
9780444534095
9780444534101
9780444534125
9780444104779
9780444104915
9780444104847
9780444105356
9780444105370
9780720422641
9780444105455
9780444534132
9780444104922
9780444534149
9780444534156
9780444106223
9780444534163
9780720422849
9780444534170
9780444534187
9780720404708
9780444534194
9780444534200
9780720406917
9780720422863
9780720407525
9780720407228
9780444851635
9780444853431
9780444851789
9780444853783
9780444854025
9780444854018
9780444702661
9780444851024
9780444851031
9780080958699
9780444101297
9780444103574
9780444104069
9780444104410
9780444105233
9780444107794
9780444107640
9780444110770
9780123645906
9780123643230
9780444517869
9780444825230
9780080929774
9780444106421
9780444106797
9780125286282
9780121566517
9780121931551
9780125247337
9780120928613
9780124445628
9780127016320
9780127224411
9780120687008
9780126213553
9780122740657
9780124259300
9780121317706
9780122881459
9780124537903
9780123523358
9780126240009
9780125286404
9780120790272
9780124733404
9780124485105
9780123704641
9780124967519
9780127597607
9780124366305
9780126569759
9780127033501
9780123693785
9780122904219
9780123487759
9780122093708
9780122399909
9780120883943
9780126553307
9780127805900
9780126386516
9780124409057
9780120986514
9780123404404
9780120790289
9780124478701
9780124909403
9780126382815
9780122107511
9780124708624
9780120687053
9780120536429
9780122865510
9780120884865
9780123247513
9780120887705
9780125643702
9780124643512
9780120885695
9780124060616
9780120885244
9780123487766
9780122869815
9780121835026
9780120885626
9780444504890
9780444513649
9780444509871
9780444506696
9780444205247
9780125666527
9780127754215
9780124968608
9780124311527
9780123757319
9780125468206
9780127431703
9780122896859
9780126488609
9780127050706
9780121613402
9780126925357
9780123054609
9780127346106
9780124004054
9780126925456
9780123049902
9780123518309
9780126603026
9780124221505
9780122167706
9780126603019
9780121853006
9780121853013
9780124371651
9780123042606
9780123705143
9780127594408
9780124814608
9780123897602
9780125254458
9780125897624
9780127219851
9780121652500
9780121680558
9780122188701
9780121852993
9780444506375
9780123693693
9780124019553
9780122869655
9780120884100
9780126602463
9780124641617
9780120781416
9780125521048
9780122090363
9780121258313
9780125042574
9780126390117
9780121852986
9780121852979
9780121852931
9780121852948
9780121852955
9780126603057
9780120885664
9780444517784
9780444518231
9780127444826
9780121852962
9780124395107
9780125476263
9780125531498
9780123976321
9780126213584
9780126930191
9780122648410
9780125476386
9780121486600
9780124192393
9780127091303
9780127387611
9780120885541
9780126789577
9780126480825
9780126390612
9780127389035
9780120884841
9780120883820
9780120597819
9780444511737
9780444814739
9780444825292
9780444829122
9780444500434
9780123705884
9780444502391
9780444508355
9780444829726
9780444502858
9780444502865
9780444825582
9780444505408
9780444824516
9781559386258
9780126660555
9780444508119
9780444820464
9780444519016
9780444514905
9780444513571
9780122722509
9780126356908
9780120133291
9780124732704
9780124262607
9780125181709
9780124556256
9780444522016
9780120133260
9780120133277
9780120133284
9780121633905
9780120133307
9780120323074
9780444822048
9780444510938
9780444516190
9780444518682
9780120885619
9780127444819
9780122603716
9780127447704
9780123302151
9780120885237
9780444819819
9780444819413
9780444826541
9780444827982
9780444820419
9780444894762
9780444824066
9780444826336
9780444829177
9780444829368
9781559387989
9780444817716
9780444886156
9780444815576
9780444505149
9780762300648
9780762305933
9780444504241
9780444508522
9780444507600
9780080427928
9780120885473
9780444517104
9780444521668
9780080420141
9780121782450
9780122676451
9780122138102
9780444205254
9780122138157
9780126140408
9780444510297
9780120455409
9780124311657
9780444828996
9780120455553
9780120887521
9780120449828
9780120449811
9780122673511
9780444512512
9780080426754
9780124779235
9780124759824
9780125614603
9780120255207
9780444822185
9780080437880
9780444507471
9780444507105
9780080444888
9780444515155
9780080445731
9780444513328
9780444506849
9780444509093
9780080440606
9780444515827
9780444516077
9780444513861
9780080440576
9780444528131
9780444528148
9780080441108
9780444516435
9780444516275
9780444517999
9780444517289
9780444516800
9780444509932
9780444517920
9780444517975
9780444517968
9780444520548
9780080441948
9780444517098
9780444520814
9780444519443
9780444521316
9780444527684
9780444521460
9780444519474
9780080446486
9780444510501
9780444520470
9780444521897
9780444522306
9780444862280
9780444869548
9780444869869
9780444870407
9780444872739
9780444891099
9780444822338
9780444527660
9780122203183
9780444502827
9780444827944
9780126137606
9780122336751
9780122484551
9780124779457
9780124759800
9780444503985
9780080433301
9780124759749
9780124759763
9780124759732
9780122203176
9780126398458
9780124759725
9780123044600
9780122561900
9780123333407
9780080428505
9780124759794
9780444501967
9780124779242
9780120255191
9780122203206
9780444504876
9780124759770
9780124759848
9780121898007
9780444502582
9780123520654
9780120924608
9780124759817
9780122203190
9780122191411
9780124759756
9780124759787
9780080426945
9780444815712
9780444829030
9780444890368
9780444898463
9780444892911
9780750623476
9780750624695
9780124759862
9780120425105
9780126822250
9780122197406
9780124759831
9780126194555
9780444505392
9780124759879
9780124759886
9780124759855
9780124759558
9780124759145
9780124759169
9780124759572
9780124759589
9780124759596
9780124759602
9780124759565
9780124759619
9780124759626
9780124759633
9780124759640
9780124759657
9780124759695
9780124759688
9780124759664
9780124759671
9780124759701
9780124759718
9780444533074
9780444533081
9780444533098
9780444533104
9780444533111
9780720412567
9780444851772
9780444852090
9780124759015
9780124759060
9780124759466
9780124759039
9780124759053
9780124759459
9780124759022
9780124759046
9780124759077
9780124759473
9780124759084
9780124759091
9780124759497
9780124759107
9780124759114
9780124759121
9780124759527
9780124759534
9780124759138
9780124759541
9780124759152
9780080451107
9780444896551
9780444522290
9780122564307
9780127618913
9780122800559
9780121835521
9780124042605
9780120886623
9780122191602
9780125542555
9780125931304
9780126565751
9780125541558
9780124756557
9780123227355
9780126017304
9780121619589
9780123011602
9780120577705
9780121486105
9780121727758
9780121346454
9780120999750
9780126193220
9780125649308
9780123473608
9780125241908
9780124983601
9780124437609
9780126791303
9780124905603
9780124874602
9780125241953
9780122437908
9780122564833
9780124176454
9780122135644
9780122788055
9780123452603
9780120884704
9780122981906
9780121993702
9780124983656
9780121098902
9780121835804
9780121746988
9780126540505
9780124179455
9780124458604
9780127484501
9780121775407
9780444883919
9780123694843
9780444703910
9780444701206
9780444704818
9780444884275
9780444880925
9780444884367
9780080449395
9780122089305
9780122405303
9780121619664
9780125241359
9780123435309
9780120595402
9780122796609
9780125161626
9780127572307
9780122087707
9780124269101
9780124649958
9780123055606
9780124977709
9780125161633
9780125161619
9780125696609
9780127249650
9780121619640
9780444820488
9780444878281
9780444879769
9780444700346
9780444700322
9780444700421
9780444879226
9780444700759
9780444700476
9780444701152
9780444875129
9780444865229
9780444867087
9780444877413
9780444876690
9780444868138
9780444866271
9780444866325
9780444865519
9780444518064
9780080447148
9780080446516
9780125542579
9780444860439
9780444860415
9780444854650
9780444701930
9780444701565
9780444877024
9780444878274
9780444867384
9780444875563
9780444702562
9780444865151
9780444861627
9780120643516
9780121012649
9780444703194
9780444703743
9780444703606
9780444703880
9780444703897
9780444704931
9780444873798
9780444873538
9780444880536
9780444883186
9780444880574
9780444514639
9780444875013
9780444700667
9780444854667
9780444704337
9780444705464
9780080443942
9780123875815
9780123305954
9780120644551
9780120999804
9780121746537
9780444512635
9780444510457
9780121784102
9780125647458
9780127035703
9780123430144
9780123430137
9780120883875
9780120883882
9780127444703
9780126190700
9780125180511
9780444520791
9780120887637
9780126011302
9780124177611
9780122904516
9780121987619
9780120885190
9780122870491
9780125241960
9780122034565
9780127500539
9780122699306
9780125517553
9780126579512
9780124027718
9780121987602
9780122678066
9780122678059
9780120928712
9780080446127
9780126289824
9780120585700
9780125060417
9780123008503
9780080442099
9780080446752
9780080440323
9780080440569
9780080433622
9780080434100
9780080437934
9780080441054
9780444505064
9780444506764
9780126179552
9780444510204
9780120441556
9780127625331
9780125649315
9780125544658
9780127016337
9780444508478
9780080435770
9780080444499
9780120884162
9780444520784
9780444899613
9780444823045
9780444823236
9780444824493
9780444824790
9780444853806
9780444854933
9780444865380
9780444865595
9780444868817
9780444875570
9780444877376
9780444879295
9780444879783
9780444701176
9780444701183
9780444824509
9780444825100
9780444825223
9780080436456
9780444514646
9780123705105
9780080449791
9780444880932
9780444884879
9780444884558
9780444821140
9780444822758
9780444822918
9780444887771
9780444887177
9780444883322
9780444883698
9780444883674
9780444887023
9780444877611
9780444817464
9780444895912
9780444884138
9780444817662
9780444705044
9780444890054
9780444893024
9780444890146
9780444889973
9780444888945
9780444889782
9780444889225
9780444889201
9780444824011
9780444503251
9780444502742
9780080438610
9780080436425
9780444506016
9780444819314
9780444819253
9780444817921
9780444819215
9780444883605
9780444896988
9780444897145
9780444896391
9780444899316
9780444899422
9780444506399
9780444886514
9780444887344
9780444884848
9780444888167
9780444887955
9780444884831
9780444884770
9780444821010
9780444819987
9780444883643
9780080433615
9780444826046
9780080434339
9780444822826
9780080434377
9780444884381
9780444893284
9780444891396
9780444891402
9780444894960
9780121025700
9780124715554
9780125056267
9780080440736
9780080441986
9780444520807
9780444828743
9781843341574
9781843340454
9781843341550
9781843342953
9781843340812
9781843340850
9781843340775
9781843340416
9781843340430
9781843340492
9781843340690
9781843342434
9781843340652
9781843340515
9781843340683
9781843340874
9781843340478
9781843340799
9781843341406
9781843340836
9781843340843
9781843341420
9781843341451
9781843340713
9781843340737
9781843340539
9781843341222
9781843341260
9781843341499
9781843341383
9781843340553
9781843340577
9781843340591
9781843340614
9781843341352
9781843341369
9781843341611
9781843341208
9781843341123
9781843341161
9781843341284
9781843341512
9781843341307
9781843341628
9781843341345
9781843341598
9781843342137
9781843342151
9781843342076
9781843340379
9781843341765
9781843341789
9781843342038
9781843340393
9780949060402
9780949060419
9780949060358
9781843341017
9781843340881
9781843341086
9781843342090
9781843341031
9781843340898
9781843342052
9781843340997
9781843342113
9781876938000
9781876938604
9781876938307
9781876938420
9781876938840
9781876938901
9781876938727
9781876938789
9781876938130
9781898563006
9780123364258
9780124175709
9780120930401
9780120886654
9780120392414
9780123963055
9780120392421
9780125296502
9780122603617
9780124264007
9780120886616
9780120392407
9780120883851
9780120802616
9780122639517
9780120749034
9780120883790
9780444829924
9780124713512
9780080439723
9781845691745
9781845691974
9780444514394
9780444509123
9780323032278
9781416022121
9780323031042
9780750675741
9780721686332
9780750673983
9780721693477
9780723433491
9780721694245
9780444520715
9780443066344
9780323028233
9780721602615
9780721677293
9781416003120
9781416001584
9780443066245
9780323028448
9781416002734
9780443066917
9780444504999
9780444508676
9780750672511
9780444513595
9780444515179
9780721603797
9781416001690
9780323032650
9780323025881
9780721604084
9780750671408
9781416022152
9780721606699
9780323036757
9780323014731
9780323032834
9780323022620
9780323012812
9781556644801
9780323034326
9780721600000
9780443066603
9780323019743
9780323032537
9780444512338
9780750674317
9780323018111
9780443066474
9780443065705
9780323029155
9780750674058
9781416023777
9780443066511
9781416023845
9781416003113
9780323037075
9780444516978
9780443063725
9781416022053
9780443071423
9780443066337
9780443072017
9780721602585
9780443085598
9780721605371
9781416002031
9780323040501
9780721636955
9780721692777
9781560534938
9780750673730
9780723432661
9781560536048
9780323031769
9780323027670
9780443072710
9780750675307
9780721604350
9781416025450
9780750672887
9780721694283
9780750674423
9780444507235
9780444507259
9780443072727
9780750673488
9780323030038
9780323011556
9781416023562
9780443067112
9780750673136
9780721692418
9780323018302
9781560535492
9780323024204
9781416022077
9781416022060
9780443065576
9780721674940
9780323034371
9780323028318
9780323018081
9780323023634
9780721639246
9780323011990
9780444513588
9780721694917
9781416024545
9781560536062
9780721691312
9780444510464
9780750674645
9780323033169
9780721694580
9780721607979
9780750654289
9780323031233
9781416022466
9780750674324
9780323026475
9780323035743
9780323023450
9780721603803
9780443066009
9780721602905
9780721689746
9780721601397
9780721681481
9781416002468
9780721600819
9780323033305
9780721603315
9780750673365
9781416003175
9780444514387
9780721601182
9780443067907
9780443066689
9780721600031
9780721694269
9780721602844
9780721640716
9781416003007
9781560534389
9780323023078
9781416032588
9780443103094
9780443102165
9780750647410
9780750651738
9780750653282
9780750652421
9780443071317
9780443066443
9780443058318
9780750646918
9780443063602
9780443072567
9780443073755
9780750688536
9780443071126
9780443071621
9780723434108
9780443100901
9780750654418
9780750688505
9780750647137
9780750671521
9780750675246
9780323018401
9780750673457
9780443065651
9780443101717
9780750674904
9780443072369
9780750690447
9780750673945
9780721698076
9780443100093
9780443071935
9780750654562
9780750639064
9780443063671
9780443071133
9780815146018
9780750656658
9780323020282
9780750651752
9780323030021
9780443101137
9780750688796
9780443065897
9781416033646
9780443074998
9780323037341
9780750654296
9780750637817
9780750674041
9780443073908
9780323029377
9780750652742
9780443072475
9780443062612
9780750654005
9780750674096
9780750673846
9780750672139
9780750672382
9780443102196
9780443072192
9780443074509
9780443071942
9780443087820
9780323030649
9780750625258
9780443100772
9780750672627
9780443102332
9780443066634
9780801675225
9780323031868
9780323026109
9780443073496
9780443072376
9780750651745
9780443071638
9780443101601
9780750653909
9780443101182
9780443063459
9780750649650
9780443062087
9780750654043
9780323027267
9780750688093
9780750645782
9780323027724
9780443073540
9780443073519
9780750675178
9780750652193
9780750673358
9780443103070
9780723432173
9780443102011
9780443074394
9780721692722
9780750643276
9780443070532
9780443070037
9780750688161
9780443061349
9780750645201
9780750674775
9780750642484
9780750637756
9780750654791
9780750674287
9780750640077
9780750655637
9781560537083
9780723432265
9780443073953
9780443102608
9780443070327
9780443100598
9780723432852
9780721684741
9780443065644
9780443066146
9780750622653
9780750687720
9780443100437
9780323027021
9780750650106
9780750688208
9780721696591
9780443065590
9781416003144
9780443073526
9780443072314
9780443101403
9780750655606
9780443100246
9780750622639
9780750648578
9780443074479
9780443070334
9780323032926
9780443101359
9780750688529
9780443100888
9780750655644
9780443074271
9780750623704
9780750647120
9780443100109
9780723432616
9780750641500
9780443101809
9780721677842
9780750652902
9780443070587
9780750653893
9780750649780
9780750645775
9780443102349
9780443064715
9780443073731
9780443101175
9780750688451
9780750641968
9780443071270
9780721640778
9780443072932
9780443070822
9780443057915
9780443074547
9780443066405
9780443060311
9780750688512
9780443066399
9780443074882
9780721687070
9780702025563
9780323018487
9780721693811
9780721663340
9780750635981
9780702027673
9780444510136
9780444512321
9780444509284
9780721692142
9780721695556
9780702027826
9780323011259
9780721682396
9780723432050
9780721604237
9780721695402
9780721683423
9780723432814
9780323013178
9780721689029
9780702024870
9780702026348
9780702024849
9780702027246
9780721625713
9780721601632
9780721697772
9781416023531
9780721605227
9780702026713
9781416001232
9781416000099
9780721690629
9780721694986
9781560534617
9780721693774
9780721639499
9780721687995
9780721686769
9780702024856
9780702027406
9780721601380
9781416002703
9780702024863
9780323017138
9780323013543
9780721601236
9780444509260
9780444513670
9780721676180
9780702017674
9780702024887
9780721697895
9780721693279
9780721604220
9780721690520
9780721689692
9780750672986
9781560533528
9780721689036
9780750673211
9780721628257
9781560536260
9780721677880
9780721601373
9780750645751
9781560534075
9780721681771
9780723432098
9781560535799
9780750674089
9780721606392
9780750640022
9780721687063
9781416031390
9780702027697
9780702020353
9780750672276
9781560534426
9781560536338
9780721693835
9780702027475
9780323012058
9780323012065
9781560534211
9780721636535
9780750673112
9780750635608
9780750672962
9781560534167
9780750672610
9780721676654
9781560534006
9780750672405
9780702027918
